86
80
78
75
74
71
70
65
55
54
53
51
50
46
45
43
42
41
40
39
38
37
36
35
34
Best Solution so far: 
[1, 4, 6, 9, 8, 2, 5, 7, 13, 22, 3, 20, 14, 11, 12, 16, 21, 18, 34, 15, 17, 10, 19, 23, 36, 29, 27, 45, 33, 28, 24, 25, 44, 30, 31, 41, 32, 35, 43, 26, 48, 51, 47, 49, 50, 40, 42, 46, 39, 38, 37, 52] 
[0, 1, 2, 2, 0, 0, 2, 2, 2, 2, 2, 2, 2, 2, 2, 1, 2, 2, 2, 1, 2, 0, 2, 2, 2, 2, 2, 1, 1, 1, 2, 2, 2, 2, 1, 2, 2, 2, 2, 1, 2, 2, 2, 1, 2, 2, 2, 1, 2, 1, 2, 0]
[(1, 0, 0, 0), (4, 1, 0, 2), (6, 2, 0, 10), (9, 2, 0, 9), (8, 0, 0, 3), (2, 0, 0, 1), (5, 2, 0, 7), (7, 2, 0, 6), (13, 2, 0, 10), (22, 2, 0, 10), (3, 2, 1, 8), (20, 2, 2, 12), (14, 2, 2, 10), (11, 2, 7, 17), (12, 2, 8, 17), (16, 1, 8, 12), (21, 2, 10, 14), (18, 2, 10, 20), (34, 2, 10, 20), (15, 1, 10, 14), (17, 2, 10, 15), (10, 0, 10, 12), (19, 2, 10, 14), (23, 2, 10, 18), (36, 2, 12, 19), (29, 2, 14, 21), (27, 2, 15, 25), (45, 1, 17, 24), (33, 1, 17, 21), (28, 1, 17, 22), (24, 2, 17, 25), (25, 2, 17, 24), (44, 2, 17, 27), (30, 2, 20, 26), (31, 1, 20, 23), (41, 2, 20, 28), (32, 2, 20, 27), (35, 2, 20, 24), (43, 2, 20, 29), (26, 1, 24, 26), (48, 2, 24, 32), (51, 2, 24, 32), (47, 2, 24, 32), (49, 1, 24, 31), (50, 2, 24, 34), (40, 2, 25, 31), (42, 2, 25, 29), (46, 1, 25, 34), (39, 2, 25, 34), (38, 1, 27, 30), (37, 2, 27, 34), (52, 0, 34, 34)]
1  
4  --
6  ----------
9  ---------
8  ---
2  -
5  -------
7  ------
13 ----------
22 ----------
3   -------
20   ----------
14   --------
11        ----------
12         ---------
16         ----
21           ----
18           ----------
34           ----------
15           ----
17           -----
10           --
19           ----
23           --------
36             -------
29               -------
27                ----------
45                  -------
33                  ----
28                  -----
24                  --------
25                  -------
44                  ----------
30                     ------
31                     ---
41                     --------
32                     -------
35                     ----
43                     ---------
26                         --
48                         --------
51                         --------
47                         --------
49                         -------
50                         ----------
40                          ------
42                          ----
46                          ---------
39                          ---------
38                            ---
37                            -------
52                                   

Project Length: 34
Non-renewable resources constrains met: True
