154
153
150
146
145
144
138
135
133
132
128
123
122
121
120
119
117
116
111
105
99
97
91
88
87
86
84
82
81
80
78
76
75
72
70
67
66
65
64
63
61
60
59
58
57
56
55
54
Best Solution so far: 
[1, 3, 7, 2, 5, 4, 6, 9, 10, 11, 19, 15, 14, 13, 8, 17, 20, 16, 12, 23, 18, 21, 26, 31, 22, 39, 25, 28, 30, 29, 24, 27, 37, 36, 32, 33, 35, 34, 38, 42, 40, 41, 44, 51, 43, 45, 47, 46, 49, 50, 48, 52] 
[0, 0, 1, 0, 0, 1, 1, 0, 0, 0, 2, 0, 0, 0, 0, 1, 0, 0, 0, 2, 0, 0, 0, 1, 0, 2, 0, 0, 0, 1, 0, 0, 1, 1, 0, 0, 0, 0, 1, 1, 0, 0, 0, 2, 0, 0, 0, 0, 0, 1, 0, 1]
54
Non-renewable resources constrains met: True
