149
143
136
134
132
126
117
113
108
104
103
99
97
94
90
87
86
84
81
75
72
71
69
68
67
66
65
64
63
62
60
58
57
56
55
54
53
52
50
49
47
46
45
44
42
41
Best Solution so far: 
[1, 28, 3, 5, 7, 27, 13, 37, 6, 9, 18, 4, 21, 22, 15, 14, 10, 2, 16, 12, 8, 50, 11, 26, 40, 63, 36, 24, 46, 17, 48, 44, 47, 35, 20, 45, 19, 41, 32, 30, 23, 53, 56, 39, 52, 43, 49, 55, 33, 60, 38, 29, 31, 54, 34, 64, 62, 51, 70, 59, 25, 77, 42, 97, 68, 88, 57, 61, 80, 84, 101, 94, 65, 67, 58, 96, 82, 86, 99, 85, 69, 89, 91, 90, 92, 66, 76, 87, 93, 95, 78, 79, 100, 98, 75, 72, 74, 73, 83, 81, 71, 102] 
[2, 1, 2, 1, 1, 0, 1, 2, 2, 2, 1, 2, 1, 2, 1, 2, 2, 1, 2, 1, 1, 0, 0, 1, 2, 2, 2, 1, 2, 1, 0, 1, 2, 2, 1, 2, 1, 2, 2, 2, 1, 2, 2, 2, 2, 2, 2, 2, 2, 2, 2, 2, 2, 2, 2, 0, 0, 2, 2, 2, 1, 2, 1, 1, 1, 1, 2, 1, 0, 1, 2, 1, 1, 2, 2, 1, 2, 1, 1, 0, 1, 1, 2, 2, 2, 0, 2, 0, 0, 2, 1, 0, 2, 1, 1, 0, 2, 2, 2, 1, 2, 2]
[(1, 2, 0, 0), (28, 1, 0, 10), (3, 2, 0, 10), (5, 1, 0, 6), (7, 1, 0, 2), (27, 0, 0, 2), (13, 1, 0, 6), (37, 2, 0, 6), (6, 2, 0, 6), (9, 2, 0, 10), (18, 1, 0, 5), (4, 2, 0, 9), (21, 1, 0, 9), (22, 2, 0, 2), (15, 1, 0, 7), (14, 2, 0, 5), (10, 2, 0, 9), (2, 1, 0, 9), (16, 2, 0, 6), (12, 1, 2, 10), (8, 1, 6, 8), (50, 0, 10, 13), (11, 0, 10, 11), (26, 1, 10, 18), (40, 2, 10, 15), (63, 2, 10, 20), (36, 2, 10, 16), (24, 1, 10, 16), (46, 2, 10, 20), (17, 1, 10, 12), (48, 0, 10, 12), (44, 1, 10, 17), (47, 2, 10, 18), (35, 2, 10, 19), (20, 1, 10, 15), (45, 2, 10, 18), (19, 1, 11, 16), (41, 2, 11, 17), (32, 2, 11, 21), (30, 2, 11, 19), (23, 1, 12, 17), (53, 2, 12, 15), (56, 2, 12, 19), (39, 2, 12, 22), (52, 2, 16, 26), (43, 2, 16, 25), (49, 2, 16, 25), (55, 2, 16, 26), (33, 2, 16, 25), (60, 2, 16, 25), (38, 2, 16, 23), (29, 2, 16, 23), (31, 2, 16, 22), (54, 2, 16, 23), (34, 2, 16, 24), (64, 0, 19, 23), (62, 0, 19, 24), (51, 2, 19, 26), (70, 2, 19, 28), (59, 2, 19, 28), (25, 1, 21, 24), (77, 2, 22, 31), (42, 1, 22, 25), (97, 1, 25, 29), (68, 1, 25, 29), (88, 1, 25, 32), (57, 2, 25, 29), (61, 1, 25, 32), (80, 0, 25, 28), (84, 1, 25, 31), (101, 2, 25, 27), (94, 1, 26, 31), (65, 1, 26, 32), (67, 2, 26, 34), (58, 2, 26, 33), (96, 1, 26, 29), (82, 2, 26, 35), (86, 1, 26, 32), (99, 1, 26, 27), (85, 0, 28, 33), (69, 1, 28, 33), (89, 1, 28, 36), (91, 2, 28, 38), (90, 2, 31, 41), (92, 2, 31, 41), (66, 0, 31, 32), (76, 2, 31, 41), (87, 0, 32, 33), (93, 0, 32, 36), (95, 2, 32, 40), (78, 1, 32, 40), (79, 0, 32, 34), (100, 2, 32, 37), (98, 1, 33, 37), (75, 1, 33, 37), (72, 0, 33, 37), (74, 2, 33, 41), (73, 2, 34, 38), (83, 2, 34, 40), (81, 1, 34, 39), (71, 2, 34, 40), (102, 2, 41, 41)]
1  
28 ----------
3  ----------
5  ------
7  --
27 --
13 ------
37 ------
6  ------
9  ----------
18 -----
4  ---------
21 ---------
22 --
15 -------
14 -----
10 ---------
2  ---------
16 ------
12   --------
8        --
50           ---
11           -
26           --------
40           -----
63           ----------
36           ------
24           ------
46           ----------
17           --
48           --
44           -------
47           --------
35           ---------
20           -----
45           --------
19            -----
41            ------
32            ----------
30            --------
23             -----
53             ---
56             -------
39             ----------
52                 ----------
43                 ---------
49                 ---------
55                 ----------
33                 ---------
60                 ---------
38                 -------
29                 -------
31                 ------
54                 -------
34                 --------
64                    ----
62                    -----
51                    -------
70                    ---------
59                    ---------
25                      ---
77                       ---------
42                       ---
97                          ----
68                          ----
88                          -------
57                          ----
61                          -------
80                          ---
84                          ------
101                          --
94                           -----
65                           ------
67                           --------
58                           -------
96                           ---
82                           ---------
86                           ------
99                           -
85                             -----
69                             -----
89                             --------
91                             ----------
90                                ----------
92                                ----------
66                                -
76                                ----------
87                                 -
93                                 ----
95                                 --------
78                                 --------
79                                 --
100                                 -----
98                                  ----
75                                  ----
72                                  ----
74                                  --------
73                                   ----
83                                   ------
81                                   -----
71                                   ------
102                                          

Project Length: 41
Non-renewable resources constrains met: True
