298
289
286
283
277
270
263
258
251
250
249
243
236
234
232
230
228
226
225
222
217
216
208
207
205
203
202
200
196
195
193
191
190
189
184
179
177
170
166
163
159
153
146
145
144
143
142
141
138
137
134
132
125
122
121
117
113
111
110
108
107
106
105
102
100
99
98
96
95
94
92
90
89
88
87
86
85
84
83
82
81
80
78
77
76
75
74
73
72
70
69
67
66
65
64
63
Best Solution so far: 
[1, 6, 7, 4, 2, 3, 8, 11, 12, 5, 9, 21, 16, 14, 10, 23, 25, 15, 19, 24, 20, 13, 18, 17, 35, 22, 30, 34, 32, 41, 31, 37, 27, 29, 26, 33, 38, 36, 39, 28, 46, 40, 43, 42, 44, 48, 50, 45, 49, 47, 61, 54, 51, 53, 52, 59, 62, 57, 60, 55, 68, 58, 56, 65, 63, 64, 67, 66, 76, 70, 78, 73, 71, 74, 69, 75, 72, 77, 85, 93, 82, 84, 83, 79, 101, 86, 81, 91, 80, 99, 92, 89, 90, 88, 96, 87, 98, 97, 94, 95, 100, 102] 
[0, 1, 0, 0, 0, 0, 1, 0, 0, 0, 0, 2, 1, 0, 1, 0, 1, 0, 2, 0, 1, 0, 0, 1, 2, 0, 1, 1, 0, 2, 1, 0, 2, 0, 0, 1, 2, 0, 0, 0, 1, 0, 0, 0, 0, 0, 2, 0, 0, 0, 1, 1, 1, 1, 0, 2, 0, 0, 0, 0, 0, 0, 1, 0, 0, 0, 0, 0, 0, 0, 1, 1, 2, 0, 0, 1, 0, 0, 1, 2, 2, 0, 0, 1, 0, 0, 0, 1, 0, 1, 0, 0, 1, 1, 0, 0, 0, 1, 0, 0, 0, 2]
[(1, 0, 0, 0), (6, 1, 0, 7), (7, 0, 0, 2), (4, 0, 0, 5), (2, 0, 0, 6), (3, 0, 0, 3), (8, 1, 0, 5), (11, 0, 3, 4), (12, 0, 6, 11), (5, 0, 6, 11), (9, 0, 6, 11), (21, 2, 6, 12), (16, 1, 6, 9), (14, 0, 7, 9), (10, 1, 7, 9), (23, 0, 11, 14), (25, 1, 11, 16), (15, 0, 11, 14), (19, 2, 11, 14), (24, 0, 11, 13), (20, 1, 11, 15), (13, 0, 11, 13), (18, 0, 12, 13), (17, 1, 12, 16), (35, 2, 13, 20), (22, 0, 13, 15), (30, 1, 16, 23), (34, 1, 16, 20), (32, 0, 16, 17), (41, 2, 16, 25), (31, 1, 16, 23), (37, 0, 16, 17), (27, 2, 16, 23), (29, 0, 16, 18), (26, 0, 17, 18), (33, 1, 17, 26), (38, 2, 18, 25), (36, 0, 18, 21), (39, 0, 20, 25), (28, 0, 21, 23), (46, 1, 23, 27), (40, 0, 23, 28), (43, 0, 23, 26), (42, 0, 23, 24), (44, 0, 26, 28), (48, 0, 26, 30), (50, 2, 26, 34), (45, 0, 28, 29), (49, 0, 28, 35), (47, 0, 28, 30), (61, 1, 30, 35), (54, 1, 30, 33), (51, 1, 30, 35), (53, 1, 30, 35), (52, 0, 30, 37), (59, 2, 30, 39), (62, 0, 35, 36), (57, 0, 35, 36), (60, 0, 35, 36), (55, 0, 35, 36), (68, 0, 36, 37), (58, 0, 36, 40), (56, 1, 36, 38), (65, 0, 36, 40), (63, 0, 37, 38), (64, 0, 37, 39), (67, 0, 37, 41), (66, 0, 40, 41), (76, 0, 41, 44), (70, 0, 41, 44), (78, 1, 41, 47), (73, 1, 41, 48), (71, 2, 41, 49), (74, 0, 41, 42), (69, 0, 41, 47), (75, 1, 47, 50), (72, 0, 47, 49), (77, 0, 47, 48), (85, 1, 49, 57), (93, 2, 49, 57), (82, 2, 49, 58), (84, 0, 49, 51), (83, 0, 49, 53), (79, 1, 49, 52), (101, 0, 50, 57), (86, 0, 50, 52), (81, 0, 51, 52), (91, 1, 52, 56), (80, 0, 52, 53), (99, 1, 52, 57), (92, 0, 52, 55), (89, 0, 53, 61), (90, 1, 53, 58), (88, 1, 56, 59), (96, 0, 58, 63), (87, 0, 58, 61), (98, 0, 58, 61), (97, 1, 58, 63), (94, 0, 59, 60), (95, 0, 61, 63), (100, 0, 61, 63), (102, 2, 63, 63)]
1  
6  -------
7  --
4  -----
2  ------
3  ---
8  -----
11    -
12       -----
5        -----
9        -----
21       ------
16       ---
14        --
10        --
23            ---
25            -----
15            ---
19            ---
24            --
20            ----
13            --
18             -
17             ----
35              -------
22              --
30                 -------
34                 ----
32                 -
41                 ---------
31                 -------
37                 -
27                 -------
29                 --
26                  -
33                  ---------
38                   -------
36                   ---
39                     -----
28                      --
46                        ----
40                        -----
43                        ---
42                        -
44                           --
48                           ----
50                           --------
45                             -
49                             -------
47                             --
61                               -----
54                               ---
51                               -----
53                               -----
52                               -------
59                               ---------
62                                    -
57                                    -
60                                    -
55                                    -
68                                     -
58                                     ----
56                                     --
65                                     ----
63                                      -
64                                      --
67                                      ----
66                                         -
76                                          ---
70                                          ---
78                                          ------
73                                          -------
71                                          --------
74                                          -
69                                          ------
75                                                ---
72                                                --
77                                                -
85                                                  --------
93                                                  --------
82                                                  ---------
84                                                  --
83                                                  ----
79                                                  ---
101                                                   -------
86                                                   --
81                                                    -
91                                                     ----
80                                                     -
99                                                     -----
92                                                     ---
89                                                      --------
90                                                      -----
88                                                         ---
96                                                           -----
87                                                           ---
98                                                           ---
97                                                           -----
94                                                            -
95                                                              --
100                                                              --
102                                                                

Project Length: 63
Non-renewable resources constrains met: True
