Chains: 2
Steps: 5
Neighbours Initial N: 1000
Neighbours Increase Coefficient: 1
Temperature Max: 100
Temperature Increase Coefficient: 0.25


==================================================


==================================================

NEW INSTANCE: j3060_1
Run 1:

Best Solution so far: 
[1, 4, 3, 2, 11, 7, 6, 16, 14, 20, 13, 5, 12, 9, 22, 15, 8, 18, 28, 25, 23, 17, 21, 19, 10, 26, 27, 24, 31, 30, 29, 32] 
[0, 0, 1, 0, 0, 0, 1, 2, 0, 1, 2, 0, 0, 0, 0, 0, 1, 0, 1, 1, 0, 0, 0, 1, 0, 0, 0, 0, 0, 0, 0, 0]
Project Length: 22
Non-renewable resources constrains met: True



==================================================

Run 2:

Best Solution so far: 
[1, 3, 4, 2, 11, 7, 6, 12, 5, 16, 14, 17, 9, 15, 22, 20, 18, 8, 13, 25, 28, 21, 19, 10, 23, 26, 24, 30, 27, 29, 31, 32] 
[1, 1, 0, 0, 1, 0, 0, 0, 1, 1, 0, 1, 0, 0, 0, 1, 0, 1, 0, 2, 0, 2, 0, 0, 0, 0, 1, 0, 0, 0, 1, 1]
Project Length: 22
Non-renewable resources constrains met: True



==================================================

Run 3:

Best Solution so far: 
[1, 3, 4, 2, 11, 7, 12, 5, 16, 6, 13, 8, 14, 20, 9, 15, 18, 22, 19, 17, 28, 21, 25, 23, 26, 24, 27, 30, 10, 31, 29, 32] 
[2, 0, 0, 0, 1, 0, 0, 2, 1, 0, 1, 2, 0, 1, 0, 0, 0, 0, 1, 0, 0, 1, 1, 0, 0, 0, 0, 0, 0, 1, 0, 1]
Project Length: 22
Non-renewable resources constrains met: True



==================================================

Run 4:

Best Solution so far: 
[1, 4, 2, 5, 7, 3, 12, 11, 6, 13, 20, 14, 8, 9, 22, 17, 18, 15, 23, 25, 19, 21, 10, 28, 26, 16, 27, 24, 30, 29, 31, 32] 
[2, 0, 0, 2, 0, 0, 0, 0, 0, 2, 1, 0, 1, 0, 0, 2, 0, 0, 1, 0, 1, 2, 0, 0, 0, 0, 0, 0, 0, 0, 0, 0]
Project Length: 22
Non-renewable resources constrains met: True



==================================================

Run 5:

Best Solution so far: 
[1, 3, 4, 2, 7, 5, 11, 12, 14, 18, 9, 6, 22, 20, 8, 13, 16, 15, 28, 17, 25, 19, 23, 26, 21, 24, 10, 27, 31, 30, 29, 32] 
[0, 0, 0, 0, 0, 2, 0, 0, 0, 0, 0, 0, 0, 1, 2, 0, 1, 0, 1, 1, 0, 0, 1, 0, 0, 1, 0, 0, 1, 0, 0, 1]
Project Length: 22
Non-renewable resources constrains met: True



==================================================

Run 6:

Best Solution so far: 
[1, 4, 11, 7, 2, 5, 3, 12, 14, 6, 22, 9, 17, 8, 13, 15, 18, 20, 16, 25, 28, 10, 19, 23, 21, 24, 26, 27, 31, 30, 29, 32] 
[1, 0, 1, 0, 0, 0, 0, 0, 0, 0, 0, 0, 0, 2, 1, 0, 0, 1, 1, 0, 2, 1, 0, 0, 0, 0, 0, 0, 0, 0, 0, 0]
Project Length: 22
Non-renewable resources constrains met: True



==================================================

Run 7:

Best Solution so far: 
[1, 4, 3, 11, 2, 7, 5, 12, 13, 14, 20, 16, 6, 9, 8, 18, 15, 22, 17, 28, 23, 25, 19, 26, 21, 24, 27, 10, 30, 31, 29, 32] 
[2, 0, 0, 0, 0, 0, 0, 0, 0, 2, 1, 2, 0, 0, 1, 0, 0, 0, 1, 2, 0, 1, 1, 0, 0, 1, 0, 0, 0, 0, 0, 1]
Project Length: 22
Non-renewable resources constrains met: True



==================================================

Run 8:

Best Solution so far: 
[1, 3, 2, 4, 11, 5, 7, 14, 6, 12, 16, 22, 20, 17, 8, 18, 9, 13, 28, 15, 10, 24, 25, 21, 19, 23, 26, 27, 31, 30, 29, 32] 
[2, 0, 0, 0, 1, 0, 0, 0, 0, 0, 0, 0, 0, 0, 1, 0, 0, 0, 1, 0, 1, 1, 0, 0, 0, 0, 0, 0, 1, 0, 0, 0]
Project Length: 22
Non-renewable resources constrains met: True



==================================================

Run 9:

Best Solution so far: 
[1, 4, 2, 3, 7, 14, 6, 12, 16, 11, 18, 20, 22, 9, 17, 8, 13, 5, 23, 15, 19, 21, 25, 28, 10, 24, 26, 30, 27, 29, 31, 32] 
[1, 0, 0, 0, 0, 0, 0, 0, 0, 1, 0, 0, 0, 0, 0, 0, 1, 0, 2, 0, 0, 1, 0, 0, 0, 0, 0, 0, 0, 0, 1, 2]
Project Length: 22
Non-renewable resources constrains met: True



==================================================

Run 10:

Best Solution so far: 
[1, 3, 4, 7, 2, 14, 11, 6, 16, 12, 5, 8, 20, 22, 9, 18, 13, 15, 25, 19, 28, 21, 23, 10, 17, 26, 24, 27, 30, 31, 29, 32] 
[0, 0, 0, 0, 0, 2, 1, 1, 2, 0, 1, 2, 0, 0, 0, 0, 0, 0, 0, 0, 2, 1, 0, 2, 0, 0, 0, 0, 0, 1, 0, 1]
Project Length: 22
Non-renewable resources constrains met: True



==================================================


==================================================


==================================================

NEW INSTANCE: J5090_1
Run 1:

Best Solution so far: 
[1, 4, 2, 6, 5, 3, 11, 7, 10, 8, 20, 9, 13, 12, 14, 15, 17, 16, 19, 21, 18, 26, 27, 24, 22, 23, 28, 32, 29, 25, 31, 30, 36, 33, 35, 37, 39, 38, 34, 40, 44, 41, 42, 49, 46, 45, 43, 48, 51, 47, 50, 52] 
[0, 0, 0, 0, 0, 0, 0, 1, 0, 1, 0, 0, 0, 0, 0, 0, 1, 0, 1, 2, 0, 1, 1, 2, 1, 2, 0, 1, 0, 0, 0, 0, 2, 2, 1, 0, 0, 1, 0, 1, 0, 1, 0, 2, 0, 1, 0, 0, 1, 0, 0, 2]
Project Length: 54
Non-renewable resources constrains met: True



==================================================

Run 2:

Best Solution so far: 
[1, 2, 5, 6, 4, 3, 11, 9, 8, 12, 16, 7, 21, 10, 15, 13, 14, 22, 17, 19, 18, 27, 26, 20, 23, 24, 28, 29, 25, 30, 32, 33, 34, 31, 35, 38, 36, 37, 39, 44, 41, 40, 42, 49, 46, 43, 45, 48, 47, 50, 51, 52] 
[2, 0, 0, 0, 1, 1, 0, 1, 1, 0, 1, 1, 1, 1, 0, 0, 0, 0, 1, 0, 0, 2, 2, 2, 2, 2, 0, 0, 0, 2, 0, 1, 1, 0, 1, 1, 0, 0, 0, 2, 2, 1, 0, 2, 0, 0, 0, 0, 0, 0, 0, 0]
Project Length: 54
Non-renewable resources constrains met: True



==================================================

Run 3:

Best Solution so far: 
[1, 5, 4, 3, 6, 2, 7, 16, 11, 8, 12, 13, 9, 14, 10, 22, 21, 15, 17, 20, 18, 19, 25, 28, 27, 26, 23, 24, 32, 29, 30, 33, 38, 31, 36, 37, 34, 35, 39, 46, 41, 44, 40, 42, 45, 43, 50, 49, 51, 47, 48, 52] 
[0, 0, 1, 1, 0, 0, 2, 2, 0, 1, 0, 0, 0, 0, 1, 0, 1, 0, 1, 1, 0, 0, 2, 0, 1, 2, 1, 1, 0, 0, 0, 0, 0, 0, 1, 0, 0, 0, 0, 1, 2, 1, 0, 0, 0, 0, 1, 0, 2, 1, 0, 2]
Project Length: 54
Non-renewable resources constrains met: True



==================================================

Run 4:

Best Solution so far: 
[1, 5, 4, 2, 6, 9, 3, 16, 7, 8, 11, 10, 12, 21, 20, 15, 13, 14, 22, 17, 27, 26, 18, 19, 24, 28, 23, 29, 25, 33, 30, 31, 32, 35, 36, 34, 38, 37, 39, 40, 42, 41, 44, 51, 49, 45, 43, 46, 50, 47, 48, 52] 
[1, 0, 0, 0, 0, 0, 0, 1, 1, 1, 0, 1, 0, 0, 2, 0, 0, 1, 0, 1, 1, 2, 0, 0, 0, 2, 1, 0, 1, 1, 2, 0, 0, 0, 2, 0, 2, 0, 0, 0, 0, 0, 0, 1, 1, 1, 0, 0, 0, 1, 0, 0]
Project Length: 55
Non-renewable resources constrains met: True



==================================================

Run 5:

Best Solution so far: 
[1, 6, 3, 5, 4, 2, 9, 16, 11, 8, 7, 12, 13, 10, 20, 15, 14, 22, 17, 18, 27, 26, 19, 21, 28, 25, 24, 23, 29, 30, 32, 35, 33, 38, 36, 34, 31, 37, 39, 40, 41, 44, 42, 51, 45, 46, 43, 49, 48, 47, 50, 52] 
[0, 0, 0, 0, 0, 0, 2, 1, 0, 1, 0, 0, 0, 0, 0, 0, 0, 1, 0, 0, 0, 2, 0, 1, 0, 1, 0, 0, 0, 2, 0, 2, 0, 0, 2, 2, 0, 0, 0, 1, 0, 1, 0, 1, 1, 0, 0, 2, 0, 1, 0, 1]
Project Length: 54
Non-renewable resources constrains met: True



==================================================

Run 6:

Best Solution so far: 
[1, 4, 6, 5, 2, 3, 8, 11, 7, 9, 12, 16, 14, 15, 10, 13, 20, 17, 22, 21, 27, 26, 19, 18, 23, 24, 28, 29, 32, 30, 25, 34, 38, 36, 31, 33, 37, 39, 35, 40, 41, 44, 42, 51, 46, 45, 43, 48, 47, 50, 49, 52] 
[0, 0, 0, 0, 0, 0, 1, 0, 1, 1, 0, 2, 0, 0, 0, 0, 1, 1, 2, 0, 2, 2, 1, 0, 1, 1, 0, 0, 0, 1, 0, 0, 0, 2, 0, 1, 0, 0, 0, 1, 2, 2, 0, 2, 0, 0, 0, 0, 0, 0, 0, 1]
Project Length: 54
Non-renewable resources constrains met: True



==================================================

Run 7:

Best Solution so far: 
[1, 6, 2, 5, 4, 3, 11, 16, 13, 10, 8, 12, 7, 9, 22, 21, 15, 14, 17, 20, 18, 19, 26, 23, 28, 25, 27, 24, 29, 36, 35, 32, 33, 30, 31, 34, 37, 39, 38, 40, 44, 51, 41, 42, 46, 45, 43, 47, 48, 50, 49, 52] 
[2, 0, 0, 0, 1, 1, 0, 2, 0, 0, 1, 0, 0, 0, 1, 2, 0, 1, 0, 2, 0, 1, 1, 1, 0, 1, 0, 0, 0, 2, 0, 0, 1, 0, 0, 0, 0, 0, 0, 1, 1, 1, 2, 0, 2, 0, 0, 1, 0, 0, 0, 2]
Project Length: 54
Non-renewable resources constrains met: True



==================================================

Run 8:

Best Solution so far: 
[1, 5, 2, 3, 4, 6, 11, 10, 9, 7, 8, 12, 20, 13, 16, 21, 14, 15, 19, 17, 18, 22, 28, 26, 24, 23, 27, 25, 29, 30, 32, 33, 31, 37, 39, 34, 38, 36, 35, 40, 41, 44, 42, 49, 46, 45, 43, 51, 47, 50, 48, 52] 
[1, 0, 0, 1, 1, 0, 0, 1, 1, 1, 1, 0, 0, 2, 1, 2, 1, 0, 0, 1, 0, 2, 0, 1, 0, 1, 0, 1, 0, 0, 0, 2, 0, 0, 0, 1, 1, 0, 1, 0, 0, 0, 0, 1, 1, 1, 0, 2, 0, 0, 0, 2]
Project Length: 54
Non-renewable resources constrains met: True



==================================================

Run 9:

Best Solution so far: 
[1, 3, 6, 5, 9, 4, 2, 8, 7, 10, 11, 16, 12, 14, 17, 21, 13, 20, 15, 18, 22, 19, 27, 26, 23, 25, 24, 28, 32, 35, 36, 29, 31, 38, 34, 33, 30, 37, 39, 44, 51, 41, 40, 42, 49, 46, 43, 45, 50, 48, 47, 52] 
[0, 0, 0, 0, 0, 0, 0, 0, 0, 2, 0, 2, 0, 0, 0, 1, 1, 1, 0, 0, 0, 1, 1, 2, 1, 2, 0, 0, 0, 0, 2, 0, 1, 1, 1, 2, 0, 0, 0, 0, 0, 2, 0, 0, 0, 1, 0, 0, 0, 0, 1, 1]
Project Length: 55
Non-renewable resources constrains met: True



==================================================

Run 10:

Best Solution so far: 
[1, 3, 5, 6, 2, 4, 11, 7, 16, 8, 9, 10, 12, 21, 13, 20, 14, 17, 15, 19, 27, 22, 18, 24, 23, 26, 28, 32, 25, 29, 33, 31, 36, 30, 34, 38, 35, 37, 39, 40, 42, 44, 41, 49, 45, 46, 43, 51, 50, 47, 48, 52] 
[1, 0, 0, 0, 0, 0, 1, 1, 2, 0, 0, 1, 0, 2, 0, 1, 0, 1, 0, 0, 2, 1, 0, 1, 1, 1, 0, 1, 1, 0, 1, 0, 1, 0, 2, 1, 1, 0, 0, 1, 0, 0, 1, 2, 0, 0, 0, 0, 0, 0, 0, 1]
Project Length: 55
Non-renewable resources constrains met: True



==================================================


==================================================


==================================================

NEW INSTANCE: J10078_4
Run 1:

Best Solution so far: 
[1, 12, 2, 3, 9, 7, 4, 10, 13, 8, 5, 14, 6, 16, 11, 22, 15, 19, 17, 18, 26, 21, 20, 30, 23, 44, 28, 24, 25, 27, 29, 32, 34, 33, 39, 35, 36, 37, 45, 38, 40, 46, 42, 31, 41, 43, 47, 50, 57, 52, 49, 51, 60, 56, 66, 53, 48, 55, 62, 64, 58, 54, 59, 61, 67, 63, 69, 68, 75, 72, 73, 65, 77, 74, 78, 76, 83, 84, 70, 71, 85, 87, 79, 88, 86, 81, 80, 82, 94, 89, 92, 98, 100, 101, 93, 91, 90, 99, 96, 95, 97, 102] 
[0, 0, 0, 0, 2, 1, 1, 1, 0, 0, 0, 0, 0, 1, 2, 0, 2, 1, 2, 0, 2, 0, 1, 0, 0, 0, 2, 0, 0, 1, 1, 0, 0, 0, 1, 0, 0, 1, 2, 0, 0, 1, 1, 0, 1, 0, 2, 0, 1, 2, 1, 0, 2, 2, 0, 1, 0, 1, 0, 0, 0, 0, 2, 0, 2, 1, 1, 0, 0, 0, 0, 1, 0, 0, 0, 0, 0, 0, 0, 0, 0, 0, 0, 0, 0, 0, 0, 0, 1, 0, 0, 0, 1, 0, 0, 1, 0, 2, 0, 1, 1, 2]
Project Length: 70
Non-renewable resources constrains met: True



==================================================

Run 2:

Best Solution so far: 
[1, 3, 2, 4, 5, 9, 13, 7, 6, 14, 8, 12, 11, 10, 15, 19, 22, 17, 24, 18, 20, 21, 16, 23, 27, 39, 30, 34, 28, 32, 25, 29, 44, 26, 35, 40, 33, 42, 31, 46, 36, 47, 38, 37, 41, 45, 43, 51, 49, 57, 50, 54, 56, 59, 60, 48, 55, 52, 64, 53, 61, 58, 75, 67, 69, 72, 63, 62, 68, 66, 65, 73, 70, 76, 74, 83, 77, 71, 92, 78, 88, 93, 85, 86, 84, 94, 79, 82, 81, 91, 80, 100, 90, 101, 87, 89, 99, 96, 98, 95, 97, 102] 
[0, 1, 0, 0, 0, 0, 2, 1, 1, 0, 0, 0, 2, 0, 1, 2, 1, 1, 0, 0, 0, 0, 1, 0, 1, 2, 0, 0, 2, 0, 0, 0, 1, 0, 0, 0, 0, 0, 0, 1, 0, 1, 0, 1, 1, 1, 0, 0, 0, 1, 0, 0, 0, 2, 0, 0, 0, 0, 0, 0, 0, 0, 0, 1, 0, 2, 1, 0, 0, 1, 1, 1, 0, 0, 0, 1, 0, 0, 1, 0, 2, 2, 2, 0, 0, 0, 1, 2, 1, 1, 1, 0, 1, 0, 0, 0, 1, 0, 1, 0, 0, 0]
Project Length: 72
Non-renewable resources constrains met: True



==================================================

Run 3:

Best Solution so far: 
[1, 3, 6, 4, 7, 2, 5, 8, 14, 10, 9, 15, 13, 22, 11, 26, 17, 24, 16, 18, 19, 21, 23, 12, 30, 32, 20, 34, 44, 25, 39, 29, 27, 35, 40, 28, 33, 42, 46, 31, 37, 38, 36, 47, 57, 41, 45, 43, 49, 51, 52, 48, 50, 56, 53, 64, 66, 62, 60, 61, 68, 55, 54, 58, 69, 63, 59, 75, 73, 72, 65, 67, 74, 71, 70, 76, 81, 77, 78, 86, 85, 93, 84, 88, 83, 80, 82, 101, 92, 79, 91, 94, 100, 89, 87, 90, 97, 96, 95, 99, 98, 102] 
[2, 0, 2, 1, 1, 0, 0, 0, 0, 0, 0, 2, 0, 0, 2, 1, 1, 0, 0, 0, 1, 0, 0, 0, 0, 0, 0, 0, 1, 0, 1, 0, 1, 0, 1, 1, 0, 1, 1, 0, 1, 0, 0, 1, 1, 1, 2, 0, 0, 0, 2, 0, 0, 0, 0, 1, 1, 1, 1, 0, 0, 0, 0, 0, 0, 0, 1, 0, 0, 0, 1, 0, 1, 0, 0, 0, 0, 0, 0, 2, 0, 2, 1, 0, 0, 0, 0, 0, 2, 0, 1, 1, 2, 0, 0, 0, 1, 0, 0, 0, 0, 0]
Project Length: 68
Non-renewable resources constrains met: True



==================================================

Run 4:

Best Solution so far: 
[1, 9, 5, 6, 7, 2, 3, 4, 13, 10, 8, 17, 19, 14, 26, 22, 12, 11, 15, 20, 16, 23, 18, 21, 28, 27, 25, 32, 30, 24, 34, 29, 44, 39, 33, 35, 31, 42, 36, 46, 38, 45, 40, 47, 37, 49, 51, 43, 57, 41, 52, 50, 48, 56, 66, 59, 64, 61, 60, 62, 54, 58, 53, 55, 63, 69, 73, 65, 75, 68, 67, 72, 70, 83, 71, 84, 82, 74, 78, 81, 76, 85, 80, 79, 87, 94, 91, 88, 77, 101, 97, 93, 86, 92, 90, 89, 100, 95, 96, 99, 98, 102] 
[1, 1, 0, 1, 0, 0, 0, 0, 0, 0, 0, 2, 0, 2, 0, 1, 1, 0, 2, 1, 0, 0, 0, 0, 0, 2, 2, 0, 0, 0, 0, 0, 2, 1, 0, 0, 0, 1, 0, 1, 0, 0, 1, 1, 1, 1, 0, 0, 1, 1, 0, 0, 0, 0, 2, 2, 2, 2, 0, 0, 1, 0, 0, 0, 1, 1, 0, 1, 1, 1, 0, 0, 1, 0, 0, 1, 1, 0, 0, 0, 0, 0, 0, 1, 1, 0, 0, 0, 0, 0, 0, 2, 1, 2, 1, 0, 2, 0, 0, 2, 1, 1]
Project Length: 71
Non-renewable resources constrains met: True



==================================================

Run 5:

Best Solution so far: 
[1, 3, 6, 2, 7, 15, 9, 4, 14, 13, 10, 12, 5, 17, 11, 8, 24, 19, 26, 20, 16, 23, 18, 22, 28, 27, 21, 25, 30, 32, 39, 29, 34, 33, 44, 42, 38, 46, 35, 31, 37, 47, 36, 45, 40, 57, 41, 51, 60, 43, 52, 50, 49, 53, 59, 56, 48, 62, 64, 54, 55, 61, 58, 73, 63, 66, 65, 68, 72, 69, 67, 77, 75, 78, 76, 70, 71, 74, 92, 82, 81, 85, 83, 91, 87, 88, 101, 84, 80, 86, 89, 94, 93, 99, 79, 100, 90, 96, 98, 95, 97, 102] 
[2, 0, 0, 0, 1, 0, 2, 0, 0, 1, 1, 1, 0, 1, 0, 0, 0, 0, 0, 1, 1, 0, 0, 2, 2, 0, 0, 2, 0, 0, 2, 0, 1, 0, 0, 1, 1, 1, 0, 0, 0, 0, 0, 0, 0, 0, 1, 0, 2, 0, 2, 0, 1, 0, 1, 2, 0, 1, 1, 1, 1, 1, 0, 0, 1, 0, 1, 1, 0, 1, 0, 0, 0, 0, 0, 0, 0, 0, 1, 2, 0, 0, 0, 1, 0, 0, 0, 1, 0, 0, 0, 2, 0, 1, 1, 1, 0, 0, 0, 0, 0, 2]
Project Length: 73
Non-renewable resources constrains met: True



==================================================

Run 6:

Best Solution so far: 
[1, 6, 2, 5, 7, 3, 4, 13, 11, 15, 9, 10, 14, 17, 8, 19, 16, 12, 18, 22, 26, 24, 30, 21, 23, 28, 20, 29, 32, 27, 39, 25, 34, 33, 40, 35, 37, 42, 44, 31, 36, 46, 47, 41, 43, 38, 49, 57, 51, 45, 48, 50, 62, 60, 66, 56, 52, 59, 53, 54, 64, 58, 55, 61, 67, 63, 77, 72, 68, 71, 65, 73, 70, 75, 69, 74, 85, 81, 78, 83, 76, 82, 80, 91, 94, 88, 92, 84, 93, 86, 87, 79, 101, 89, 90, 97, 95, 100, 96, 98, 99, 102] 
[2, 1, 0, 0, 1, 1, 0, 1, 0, 1, 1, 0, 2, 1, 0, 0, 1, 0, 0, 2, 2, 0, 0, 0, 0, 1, 0, 1, 0, 1, 0, 0, 0, 0, 1, 0, 0, 1, 0, 0, 0, 2, 1, 1, 0, 0, 1, 0, 0, 1, 0, 0, 1, 1, 0, 1, 0, 1, 0, 0, 2, 0, 0, 0, 0, 1, 2, 1, 0, 0, 1, 0, 0, 0, 1, 0, 0, 1, 0, 0, 0, 0, 0, 0, 2, 0, 2, 2, 0, 0, 1, 1, 1, 0, 0, 2, 2, 2, 0, 0, 2, 0]
Project Length: 69
Non-renewable resources constrains met: True



==================================================

Run 7:

Best Solution so far: 
[1, 3, 7, 6, 2, 4, 13, 10, 15, 5, 9, 8, 14, 19, 22, 11, 16, 23, 12, 17, 18, 20, 24, 26, 21, 25, 39, 34, 30, 27, 29, 32, 28, 44, 40, 33, 38, 36, 35, 37, 46, 31, 42, 41, 47, 52, 57, 50, 45, 43, 51, 59, 60, 49, 56, 48, 53, 54, 62, 63, 61, 64, 55, 66, 68, 58, 65, 73, 75, 67, 72, 70, 69, 74, 71, 76, 79, 91, 94, 84, 77, 92, 85, 80, 88, 93, 81, 86, 83, 78, 100, 89, 87, 101, 90, 82, 96, 98, 97, 95, 99, 102] 
[1, 1, 1, 0, 0, 0, 0, 2, 0, 0, 1, 0, 2, 1, 2, 0, 2, 2, 1, 0, 0, 1, 0, 2, 0, 0, 0, 1, 0, 2, 1, 0, 2, 0, 0, 0, 0, 0, 0, 1, 2, 0, 0, 0, 1, 2, 1, 0, 0, 0, 0, 2, 2, 1, 2, 0, 0, 1, 0, 0, 2, 2, 1, 2, 0, 0, 1, 0, 1, 0, 0, 1, 0, 0, 0, 0, 0, 1, 2, 0, 0, 0, 0, 0, 0, 2, 0, 1, 0, 0, 0, 0, 1, 0, 0, 0, 0, 0, 0, 1, 0, 1]
Project Length: 69
Non-renewable resources constrains met: True



==================================================

Run 8:

Best Solution so far: 
[1, 4, 2, 6, 3, 7, 14, 5, 8, 15, 13, 9, 10, 17, 12, 24, 16, 19, 11, 23, 20, 18, 44, 26, 27, 22, 21, 28, 25, 32, 39, 30, 29, 34, 35, 33, 31, 36, 37, 47, 46, 42, 40, 38, 41, 57, 43, 52, 50, 51, 48, 45, 60, 53, 56, 61, 49, 54, 55, 66, 62, 63, 59, 64, 68, 58, 69, 67, 65, 72, 73, 70, 83, 75, 74, 77, 71, 93, 81, 85, 79, 80, 82, 100, 88, 76, 84, 86, 92, 78, 87, 89, 91, 94, 98, 90, 96, 97, 95, 99, 101, 102] 
[1, 0, 0, 0, 1, 1, 0, 0, 0, 2, 1, 0, 0, 2, 0, 1, 0, 1, 0, 0, 0, 0, 2, 0, 1, 1, 0, 1, 0, 0, 1, 0, 0, 1, 0, 0, 0, 0, 1, 1, 1, 1, 0, 0, 0, 2, 0, 0, 0, 0, 0, 0, 1, 2, 2, 1, 0, 2, 1, 1, 0, 2, 1, 2, 0, 0, 0, 0, 0, 0, 0, 0, 1, 0, 0, 0, 0, 2, 0, 0, 0, 1, 2, 2, 0, 0, 1, 0, 1, 0, 2, 0, 0, 0, 0, 0, 0, 1, 0, 0, 0, 1]
Project Length: 69
Non-renewable resources constrains met: True



==================================================

Run 9:

Best Solution so far: 
[1, 12, 2, 7, 3, 6, 4, 8, 10, 15, 14, 13, 5, 9, 16, 24, 23, 11, 17, 19, 18, 22, 27, 26, 21, 30, 25, 20, 32, 29, 34, 40, 35, 33, 44, 28, 36, 45, 42, 37, 46, 39, 31, 43, 38, 47, 41, 51, 48, 49, 50, 56, 57, 54, 60, 66, 52, 55, 59, 53, 67, 62, 61, 58, 73, 64, 77, 63, 65, 72, 75, 71, 68, 78, 83, 70, 69, 74, 85, 81, 88, 84, 79, 82, 76, 87, 86, 80, 92, 89, 100, 93, 90, 91, 98, 99, 97, 101, 94, 96, 95, 102] 
[1, 1, 0, 1, 1, 1, 0, 0, 0, 2, 2, 0, 0, 0, 2, 2, 0, 2, 0, 0, 0, 0, 1, 0, 0, 0, 2, 2, 0, 0, 0, 1, 0, 0, 2, 1, 1, 0, 0, 1, 1, 0, 0, 1, 0, 1, 0, 0, 0, 0, 0, 0, 0, 0, 0, 2, 0, 0, 1, 0, 1, 0, 0, 0, 2, 0, 0, 1, 0, 1, 0, 0, 0, 0, 1, 0, 1, 0, 0, 1, 0, 2, 0, 2, 0, 1, 2, 0, 1, 0, 1, 0, 0, 1, 2, 2, 1, 2, 0, 0, 0, 0]
Project Length: 71
Non-renewable resources constrains met: True



==================================================

Run 10:

Best Solution so far: 
[1, 4, 7, 5, 3, 2, 13, 11, 10, 14, 6, 15, 24, 8, 23, 22, 17, 19, 12, 9, 26, 21, 18, 32, 20, 16, 25, 27, 34, 29, 44, 28, 39, 30, 33, 40, 35, 45, 38, 31, 42, 36, 46, 47, 37, 50, 43, 41, 51, 57, 48, 49, 56, 52, 64, 55, 59, 60, 53, 62, 54, 58, 68, 65, 67, 66, 73, 61, 77, 74, 83, 72, 75, 63, 69, 70, 76, 78, 71, 80, 86, 88, 79, 85, 81, 93, 82, 92, 87, 89, 100, 84, 91, 90, 94, 98, 96, 101, 95, 97, 99, 102] 
[1, 1, 0, 0, 1, 0, 1, 0, 0, 0, 1, 1, 1, 0, 0, 0, 1, 1, 0, 0, 2, 0, 0, 2, 0, 0, 1, 0, 0, 1, 1, 2, 2, 0, 0, 0, 0, 0, 0, 0, 0, 0, 1, 2, 1, 0, 0, 1, 0, 2, 0, 1, 0, 0, 2, 0, 2, 0, 0, 1, 0, 0, 1, 1, 1, 0, 0, 1, 2, 0, 1, 0, 1, 1, 0, 1, 0, 0, 0, 0, 0, 0, 0, 0, 0, 0, 0, 0, 1, 0, 1, 0, 0, 0, 0, 0, 0, 0, 0, 1, 2, 0]
Project Length: 70
Non-renewable resources constrains met: True



==================================================

