Chains: 2
Steps: 5
Neighbours Initial N: 1000
Neighbours Increase Coefficient: 1
Temperature Max: 100
Temperature Increase Coefficient: 0.25

TIME: 30

==================================================


==================================================

NEW INSTANCE: j3011_9
Run 1:

Best Solution so far: 
[1, 4, 2, 3, 6, 12, 14, 13, 15, 9, 7, 5, 11, 19, 8, 20, 22, 10, 18, 21, 24, 16, 25, 26, 17, 27, 23, 28, 30, 29, 31, 32] 
[0, 2, 0, 1, 0, 0, 2, 2, 1, 0, 0, 2, 0, 0, 0, 2, 1, 1, 1, 0, 0, 1, 0, 0, 1, 1, 0, 0, 1, 0, 0, 0]
Project Length: 29
Non-renewable resources constrains met: True



==================================================

Run 2:

Best Solution so far: 
[1, 2, 12, 3, 6, 15, 13, 14, 9, 11, 4, 7, 8, 19, 24, 22, 5, 21, 25, 20, 16, 10, 26, 27, 17, 18, 31, 28, 29, 23, 30, 32] 
[0, 0, 0, 1, 1, 1, 2, 2, 1, 0, 2, 0, 0, 0, 1, 0, 1, 0, 0, 2, 1, 0, 0, 0, 0, 0, 2, 0, 0, 0, 0, 2]
Project Length: 27
Non-renewable resources constrains met: True



==================================================

Run 3:

Best Solution so far: 
[1, 2, 3, 12, 6, 14, 15, 13, 9, 11, 7, 8, 4, 5, 19, 24, 26, 20, 21, 18, 22, 16, 25, 10, 27, 28, 23, 17, 29, 30, 31, 32] 
[1, 0, 2, 0, 1, 2, 0, 2, 1, 0, 0, 0, 0, 1, 0, 2, 0, 2, 0, 1, 0, 1, 1, 1, 0, 0, 0, 0, 0, 0, 2, 0]
Project Length: 27
Non-renewable resources constrains met: True



==================================================

Run 4:

Best Solution so far: 
[1, 2, 3, 6, 12, 14, 15, 13, 7, 11, 19, 9, 4, 24, 8, 18, 21, 20, 5, 10, 22, 25, 26, 16, 27, 17, 28, 29, 23, 30, 31, 32] 
[2, 0, 2, 0, 0, 2, 0, 0, 0, 0, 0, 1, 2, 1, 0, 2, 0, 2, 2, 1, 0, 1, 0, 0, 0, 0, 0, 0, 0, 0, 0, 0]
Project Length: 26
Non-renewable resources constrains met: True



==================================================

Run 5:

Best Solution so far: 
[1, 2, 3, 15, 6, 4, 12, 13, 14, 11, 5, 9, 7, 8, 22, 19, 26, 18, 20, 10, 24, 21, 27, 16, 25, 28, 17, 29, 31, 23, 30, 32] 
[2, 0, 0, 2, 0, 2, 0, 1, 0, 0, 2, 0, 0, 0, 1, 0, 0, 2, 2, 1, 1, 0, 0, 1, 0, 0, 0, 0, 0, 0, 0, 1]
Project Length: 27
Non-renewable resources constrains met: True



==================================================


==================================================


==================================================

NEW INSTANCE: j3012_4
Run 1:

Best Solution so far: 
[1, 2, 5, 7, 3, 8, 14, 4, 13, 10, 6, 15, 12, 9, 17, 16, 19, 20, 26, 11, 21, 24, 18, 22, 23, 25, 28, 27, 31, 29, 30, 32] 
[2, 0, 1, 0, 0, 0, 1, 2, 1, 0, 0, 2, 2, 0, 1, 0, 0, 0, 2, 0, 0, 0, 0, 1, 0, 2, 2, 0, 1, 0, 0, 0]
Project Length: 30
Non-renewable resources constrains met: True



==================================================

Run 2:

Best Solution so far: 
[1, 4, 2, 13, 5, 7, 8, 14, 10, 6, 15, 9, 11, 17, 19, 16, 3, 12, 26, 21, 25, 24, 20, 22, 23, 18, 27, 28, 31, 29, 30, 32] 
[0, 0, 0, 2, 1, 0, 0, 1, 0, 2, 0, 0, 0, 1, 0, 0, 0, 2, 0, 0, 0, 2, 0, 1, 1, 1, 0, 0, 0, 0, 0, 1]
Project Length: 30
Non-renewable resources constrains met: True



==================================================

Run 3:

Best Solution so far: 
[1, 2, 5, 13, 7, 8, 6, 14, 9, 10, 4, 15, 3, 16, 17, 12, 19, 26, 11, 20, 21, 25, 18, 23, 22, 24, 31, 27, 28, 30, 29, 32] 
[0, 0, 0, 2, 0, 0, 1, 1, 2, 0, 2, 1, 2, 1, 0, 2, 0, 0, 1, 0, 0, 2, 1, 0, 1, 0, 1, 0, 0, 0, 0, 2]
Project Length: 29
Non-renewable resources constrains met: True



==================================================

Run 4:

Best Solution so far: 
[1, 2, 7, 13, 5, 8, 14, 9, 6, 4, 10, 3, 12, 19, 11, 16, 15, 17, 20, 26, 22, 21, 18, 24, 23, 27, 25, 31, 28, 30, 29, 32] 
[0, 0, 0, 2, 1, 0, 1, 0, 2, 1, 0, 2, 2, 0, 1, 0, 1, 1, 0, 0, 1, 0, 1, 0, 0, 0, 1, 0, 1, 0, 0, 0]
Project Length: 30
Non-renewable resources constrains met: True



==================================================

Run 5:

Best Solution so far: 
[1, 2, 7, 5, 9, 8, 6, 4, 3, 13, 10, 14, 25, 15, 17, 16, 12, 19, 11, 26, 21, 20, 24, 23, 18, 22, 28, 27, 31, 29, 30, 32] 
[1, 0, 0, 1, 0, 0, 2, 1, 2, 1, 0, 0, 2, 2, 0, 2, 2, 0, 0, 0, 0, 0, 0, 0, 1, 0, 1, 0, 1, 0, 0, 2]
Project Length: 29
Non-renewable resources constrains met: True



==================================================


==================================================


==================================================

NEW INSTANCE: j3022_4
Run 1:

Best Solution so far: 
[1, 2, 4, 3, 9, 6, 5, 8, 13, 7, 16, 20, 18, 10, 15, 11, 21, 23, 14, 17, 26, 12, 22, 24, 19, 25, 27, 29, 28, 30, 31, 32] 
[0, 0, 0, 0, 0, 0, 0, 0, 0, 0, 0, 0, 0, 0, 0, 0, 0, 0, 0, 0, 1, 0, 0, 0, 0, 0, 1, 0, 0, 0, 0, 0]
Project Length: 27
Non-renewable resources constrains met: True



==================================================

Run 2:

Best Solution so far: 
[1, 4, 2, 3, 5, 6, 8, 9, 13, 16, 11, 20, 15, 10, 7, 17, 21, 12, 14, 18, 23, 26, 22, 25, 28, 24, 19, 27, 29, 30, 31, 32] 
[0, 0, 0, 0, 0, 0, 0, 0, 0, 0, 0, 0, 1, 0, 0, 1, 0, 1, 1, 0, 0, 0, 0, 0, 2, 1, 0, 1, 0, 1, 0, 1]
Project Length: 28
Non-renewable resources constrains met: True



==================================================

Run 3:

Best Solution so far: 
[1, 2, 4, 3, 5, 6, 9, 8, 13, 16, 20, 11, 15, 10, 21, 18, 23, 17, 7, 14, 12, 26, 22, 25, 24, 19, 27, 29, 30, 28, 31, 32] 
[2, 0, 0, 0, 0, 0, 0, 0, 0, 1, 0, 0, 1, 0, 0, 0, 0, 0, 0, 0, 1, 1, 0, 0, 0, 1, 1, 0, 0, 0, 0, 0]
Project Length: 27
Non-renewable resources constrains met: True



==================================================

Run 4:

Best Solution so far: 
[1, 2, 3, 4, 8, 5, 9, 6, 16, 10, 11, 13, 7, 22, 15, 20, 21, 14, 23, 18, 12, 26, 17, 24, 19, 25, 27, 29, 28, 31, 30, 32] 
[0, 0, 0, 0, 0, 0, 0, 0, 0, 0, 0, 0, 0, 2, 0, 0, 0, 1, 0, 0, 1, 0, 1, 1, 0, 0, 1, 0, 0, 0, 0, 1]
Project Length: 27
Non-renewable resources constrains met: True



==================================================

Run 5:

Best Solution so far: 
[1, 3, 4, 2, 9, 8, 5, 6, 13, 18, 11, 16, 20, 10, 17, 15, 21, 7, 14, 23, 26, 12, 22, 19, 24, 25, 27, 28, 29, 30, 31, 32] 
[2, 0, 0, 0, 0, 0, 0, 0, 0, 0, 0, 0, 0, 0, 0, 1, 0, 1, 0, 0, 0, 1, 0, 0, 0, 0, 0, 0, 0, 1, 0, 2]
Project Length: 27
Non-renewable resources constrains met: True



==================================================


==================================================


==================================================

NEW INSTANCE: j3025_10
Run 1:

Best Solution so far: 
[1, 2, 3, 11, 4, 9, 5, 6, 7, 13, 22, 8, 14, 21, 10, 15, 19, 20, 25, 12, 16, 26, 18, 17, 23, 24, 28, 30, 27, 31, 29, 32] 
[1, 0, 0, 0, 0, 0, 0, 2, 1, 0, 0, 0, 2, 0, 1, 0, 1, 0, 2, 1, 0, 0, 2, 1, 0, 0, 0, 0, 0, 0, 0, 0]
Project Length: 27
Non-renewable resources constrains met: True



==================================================

Run 2:

Best Solution so far: 
[1, 2, 4, 3, 5, 7, 11, 6, 8, 9, 13, 14, 17, 22, 15, 10, 21, 12, 20, 25, 26, 19, 18, 23, 16, 24, 28, 30, 27, 31, 29, 32] 
[1, 0, 0, 0, 1, 0, 0, 2, 0, 0, 0, 1, 0, 1, 0, 1, 0, 0, 0, 2, 0, 1, 0, 0, 2, 0, 0, 0, 0, 0, 0, 1]
Project Length: 27
Non-renewable resources constrains met: True



==================================================

Run 3:

Best Solution so far: 
[1, 4, 2, 3, 11, 6, 7, 9, 13, 19, 5, 14, 8, 21, 22, 15, 26, 10, 25, 16, 20, 18, 23, 17, 28, 24, 12, 30, 27, 31, 29, 32] 
[2, 0, 1, 0, 0, 0, 2, 0, 0, 0, 0, 0, 0, 0, 0, 0, 0, 1, 2, 0, 0, 1, 0, 1, 0, 0, 0, 0, 0, 0, 0, 1]
Project Length: 27
Non-renewable resources constrains met: True



==================================================

Run 4:

Best Solution so far: 
[1, 4, 3, 2, 11, 9, 7, 6, 13, 16, 14, 5, 8, 22, 10, 21, 15, 19, 25, 12, 20, 26, 23, 18, 17, 28, 24, 30, 27, 31, 29, 32] 
[1, 0, 0, 0, 0, 0, 1, 1, 0, 0, 0, 0, 0, 0, 1, 0, 0, 1, 2, 1, 0, 2, 0, 0, 1, 0, 0, 0, 0, 0, 0, 0]
Project Length: 27
Non-renewable resources constrains met: True



==================================================

Run 5:

Best Solution so far: 
[1, 4, 2, 3, 5, 6, 11, 7, 9, 8, 14, 13, 22, 26, 15, 21, 20, 19, 25, 10, 23, 17, 18, 24, 28, 30, 16, 12, 27, 31, 29, 32] 
[1, 0, 0, 0, 1, 2, 0, 2, 0, 0, 2, 0, 0, 2, 0, 0, 0, 0, 2, 1, 0, 1, 0, 0, 0, 0, 0, 1, 0, 0, 0, 1]
Project Length: 27
Non-renewable resources constrains met: True



==================================================


==================================================


==================================================

NEW INSTANCE: j3031_8
Run 1:

Best Solution so far: 
[1, 2, 3, 8, 14, 6, 5, 7, 10, 13, 4, 19, 12, 11, 18, 16, 15, 20, 21, 9, 23, 22, 24, 26, 25, 17, 27, 30, 28, 31, 29, 32] 
[2, 0, 0, 0, 0, 0, 0, 0, 0, 1, 2, 1, 0, 0, 1, 0, 0, 0, 0, 0, 0, 0, 0, 0, 0, 1, 0, 0, 0, 0, 0, 2]
Project Length: 26
Non-renewable resources constrains met: True



==================================================

Run 2:

Best Solution so far: 
[1, 3, 4, 2, 8, 6, 5, 7, 12, 19, 13, 14, 11, 16, 18, 9, 20, 15, 23, 10, 17, 22, 24, 26, 21, 25, 27, 28, 29, 31, 30, 32] 
[2, 0, 1, 0, 0, 0, 0, 0, 0, 1, 0, 1, 0, 2, 1, 0, 0, 0, 2, 0, 2, 0, 0, 0, 0, 0, 0, 0, 1, 0, 0, 2]
Project Length: 26
Non-renewable resources constrains met: True



==================================================

Run 3:

Best Solution so far: 
[1, 2, 4, 3, 5, 6, 7, 8, 13, 12, 18, 14, 11, 10, 15, 20, 16, 19, 9, 24, 22, 23, 26, 21, 17, 25, 28, 27, 30, 29, 31, 32] 
[0, 0, 2, 0, 0, 0, 0, 0, 2, 0, 0, 0, 0, 0, 0, 0, 0, 0, 0, 0, 0, 0, 0, 0, 1, 1, 0, 0, 0, 1, 0, 1]
Project Length: 26
Non-renewable resources constrains met: True



==================================================

Run 4:

Best Solution so far: 
[1, 3, 4, 2, 8, 5, 7, 6, 13, 19, 12, 9, 18, 11, 14, 15, 20, 10, 23, 16, 17, 24, 22, 21, 26, 25, 27, 28, 29, 31, 30, 32] 
[2, 0, 0, 0, 0, 0, 0, 0, 2, 1, 0, 0, 0, 0, 1, 0, 0, 0, 0, 0, 0, 0, 0, 0, 0, 1, 0, 0, 0, 2, 0, 0]
Project Length: 26
Non-renewable resources constrains met: True



==================================================

Run 5:

Best Solution so far: 
[1, 3, 2, 5, 4, 8, 7, 6, 13, 12, 11, 18, 14, 19, 16, 10, 20, 24, 23, 22, 9, 15, 17, 26, 21, 25, 27, 28, 31, 29, 30, 32] 
[0, 0, 0, 0, 1, 0, 0, 0, 1, 0, 0, 1, 0, 0, 1, 1, 0, 0, 0, 0, 0, 0, 1, 0, 0, 0, 0, 0, 2, 1, 0, 2]
Project Length: 26
Non-renewable resources constrains met: True



==================================================


==================================================


==================================================

NEW INSTANCE: j3055_8
Run 1:

Best Solution so far: 
[1, 2, 3, 5, 8, 25, 4, 10, 15, 9, 7, 17, 6, 11, 16, 20, 14, 22, 13, 21, 12, 19, 26, 24, 23, 28, 18, 27, 29, 30, 31, 32] 
[1, 1, 0, 0, 2, 0, 1, 0, 1, 1, 2, 0, 1, 0, 1, 0, 0, 2, 1, 0, 0, 0, 2, 0, 0, 0, 1, 0, 0, 2, 0, 0]
Project Length: 44
Non-renewable resources constrains met: True



==================================================

Run 2:

Best Solution so far: 
[1, 3, 2, 5, 8, 17, 10, 6, 4, 11, 15, 14, 16, 9, 20, 25, 7, 18, 12, 13, 21, 19, 22, 23, 24, 30, 26, 27, 28, 29, 31, 32] 
[0, 0, 1, 0, 1, 2, 0, 0, 0, 1, 1, 2, 1, 1, 0, 1, 0, 2, 0, 2, 0, 1, 0, 0, 0, 0, 1, 0, 0, 0, 0, 0]
Project Length: 44
Non-renewable resources constrains met: True



==================================================

Run 3:

Best Solution so far: 
[1, 2, 3, 4, 5, 10, 7, 11, 8, 17, 6, 15, 13, 18, 25, 20, 16, 9, 19, 14, 12, 22, 21, 24, 23, 26, 28, 27, 30, 29, 31, 32] 
[0, 0, 0, 2, 0, 0, 1, 0, 1, 0, 2, 1, 2, 2, 2, 0, 0, 1, 2, 0, 0, 2, 0, 0, 0, 1, 0, 0, 1, 0, 0, 1]
Project Length: 44
Non-renewable resources constrains met: True



==================================================

Run 4:

Best Solution so far: 
[1, 3, 2, 25, 5, 8, 17, 10, 4, 15, 6, 11, 14, 20, 22, 7, 9, 16, 18, 21, 13, 12, 23, 24, 19, 26, 27, 28, 29, 30, 31, 32] 
[1, 0, 1, 0, 0, 2, 2, 0, 1, 0, 0, 1, 2, 0, 0, 1, 1, 0, 1, 0, 1, 0, 0, 0, 1, 1, 0, 0, 0, 1, 0, 1]
Project Length: 44
Non-renewable resources constrains met: True



==================================================

Run 5:

Best Solution so far: 
[1, 2, 3, 4, 5, 10, 11, 17, 7, 6, 25, 15, 8, 9, 18, 20, 13, 16, 14, 12, 21, 19, 26, 22, 23, 24, 28, 27, 30, 29, 31, 32] 
[0, 0, 0, 1, 0, 0, 1, 2, 2, 0, 2, 1, 0, 2, 1, 0, 2, 1, 2, 0, 0, 0, 2, 0, 0, 0, 0, 0, 0, 0, 0, 0]
Project Length: 44
Non-renewable resources constrains met: True



==================================================


==================================================


==================================================

NEW INSTANCE: j3058_7
Run 1:

Best Solution so far: 
[1, 3, 4, 5, 6, 8, 7, 2, 11, 9, 14, 12, 23, 17, 10, 20, 13, 22, 16, 15, 19, 18, 24, 26, 27, 21, 25, 30, 28, 31, 29, 32] 
[1, 0, 2, 0, 0, 1, 1, 1, 0, 0, 0, 0, 1, 0, 0, 0, 0, 0, 0, 1, 0, 0, 0, 0, 0, 0, 0, 1, 0, 0, 0, 1]
Project Length: 27
Non-renewable resources constrains met: True



==================================================

Run 2:

Best Solution so far: 
[1, 3, 6, 7, 2, 5, 8, 4, 11, 20, 12, 9, 10, 14, 23, 17, 24, 13, 15, 16, 18, 19, 22, 26, 30, 27, 21, 25, 28, 29, 31, 32] 
[2, 0, 0, 2, 1, 0, 2, 1, 0, 1, 0, 0, 0, 0, 0, 1, 0, 0, 0, 0, 0, 0, 0, 0, 0, 0, 0, 1, 0, 0, 0, 1]
Project Length: 27
Non-renewable resources constrains met: True



==================================================

Run 3:

Best Solution so far: 
[1, 3, 6, 2, 5, 7, 4, 8, 11, 12, 14, 9, 10, 20, 17, 16, 13, 23, 19, 18, 22, 24, 26, 15, 21, 25, 30, 27, 28, 29, 31, 32] 
[0, 0, 0, 0, 0, 1, 0, 1, 0, 0, 0, 0, 0, 0, 0, 0, 0, 0, 0, 0, 0, 0, 0, 0, 0, 1, 0, 0, 0, 1, 0, 0]
Project Length: 27
Non-renewable resources constrains met: True



==================================================

Run 4:

Best Solution so far: 
[1, 3, 6, 4, 2, 5, 8, 20, 7, 11, 12, 14, 9, 17, 23, 10, 13, 19, 16, 18, 24, 15, 26, 22, 25, 30, 27, 21, 28, 31, 29, 32] 
[1, 0, 0, 0, 0, 0, 0, 1, 2, 0, 0, 0, 0, 0, 1, 0, 0, 0, 0, 0, 0, 0, 0, 0, 0, 1, 0, 0, 0, 0, 0, 1]
Project Length: 26
Non-renewable resources constrains met: True



==================================================

Run 5:

Best Solution so far: 
[1, 4, 3, 6, 2, 5, 7, 8, 11, 12, 20, 14, 9, 10, 17, 13, 16, 19, 18, 23, 22, 24, 26, 15, 30, 25, 27, 21, 28, 31, 29, 32] 
[2, 0, 0, 0, 1, 0, 0, 0, 0, 0, 0, 0, 0, 0, 2, 0, 0, 0, 0, 0, 0, 0, 0, 0, 1, 0, 0, 0, 0, 0, 0, 2]
Project Length: 27
Non-renewable resources constrains met: True



==================================================


==================================================


==================================================

NEW INSTANCE: j3059_5
Run 1:

Best Solution so far: 
[1, 2, 3, 9, 6, 10, 16, 13, 5, 12, 7, 4, 21, 18, 14, 19, 11, 17, 22, 8, 23, 20, 24, 27, 25, 15, 31, 29, 26, 28, 30, 32] 
[1, 1, 0, 0, 0, 0, 2, 0, 0, 0, 1, 2, 1, 1, 0, 0, 0, 0, 0, 1, 0, 0, 0, 0, 0, 0, 1, 0, 0, 1, 0, 2]
Project Length: 28
Non-renewable resources constrains met: True



==================================================

Run 2:

Best Solution so far: 
[1, 3, 2, 6, 9, 10, 5, 12, 7, 13, 4, 16, 11, 21, 8, 18, 17, 19, 24, 14, 23, 20, 15, 22, 25, 26, 27, 31, 29, 28, 30, 32] 
[1, 0, 0, 0, 0, 0, 0, 0, 0, 1, 1, 0, 0, 0, 1, 0, 0, 0, 0, 0, 0, 0, 1, 0, 0, 0, 1, 0, 1, 0, 0, 2]
Project Length: 28
Non-renewable resources constrains met: True



==================================================

Run 3:

Best Solution so far: 
[1, 4, 2, 3, 6, 9, 10, 5, 13, 11, 7, 12, 14, 21, 16, 19, 18, 17, 22, 23, 20, 24, 27, 8, 15, 31, 26, 25, 28, 29, 30, 32] 
[1, 2, 0, 0, 0, 0, 0, 0, 1, 2, 0, 1, 0, 0, 0, 0, 0, 0, 2, 1, 0, 0, 1, 0, 1, 2, 0, 0, 0, 0, 0, 0]
Project Length: 28
Non-renewable resources constrains met: True



==================================================

Run 4:

Best Solution so far: 
[1, 3, 2, 9, 10, 5, 6, 4, 7, 13, 12, 14, 21, 18, 11, 19, 17, 8, 22, 23, 16, 20, 25, 26, 27, 24, 28, 15, 29, 31, 30, 32] 
[1, 0, 0, 0, 0, 0, 0, 0, 2, 1, 0, 2, 0, 0, 0, 0, 0, 1, 0, 0, 0, 0, 1, 0, 1, 1, 0, 0, 2, 0, 0, 2]
Project Length: 28
Non-renewable resources constrains met: True



==================================================

Run 5:

Best Solution so far: 
[1, 3, 2, 9, 6, 10, 5, 12, 7, 18, 21, 13, 14, 19, 17, 4, 8, 16, 15, 23, 20, 27, 11, 22, 24, 25, 26, 28, 31, 29, 30, 32] 
[2, 0, 0, 0, 0, 0, 0, 0, 2, 1, 0, 0, 1, 0, 0, 0, 0, 0, 1, 0, 0, 1, 2, 0, 0, 1, 0, 0, 0, 0, 0, 1]
Project Length: 28
Non-renewable resources constrains met: True



==================================================


==================================================


==================================================

NEW INSTANCE: j3060_1
Run 1:

Best Solution so far: 
[1, 3, 2, 4, 7, 11, 14, 16, 13, 5, 20, 12, 9, 6, 15, 8, 22, 23, 19, 17, 18, 28, 25, 21, 26, 10, 24, 27, 30, 29, 31, 32] 
[0, 1, 0, 0, 0, 1, 0, 0, 0, 0, 0, 0, 0, 0, 0, 0, 0, 1, 0, 0, 0, 0, 1, 2, 0, 0, 0, 0, 0, 0, 0, 1]
Project Length: 22
Non-renewable resources constrains met: True



==================================================

Run 2:

Best Solution so far: 
[1, 3, 2, 4, 7, 11, 12, 14, 5, 6, 8, 9, 20, 22, 15, 17, 18, 13, 19, 10, 25, 21, 16, 23, 28, 24, 26, 30, 27, 29, 31, 32] 
[1, 0, 0, 0, 0, 1, 0, 0, 2, 0, 1, 0, 1, 0, 0, 0, 0, 0, 0, 1, 0, 2, 1, 1, 1, 0, 0, 0, 0, 0, 1, 2]
Project Length: 22
Non-renewable resources constrains met: True



==================================================

Run 3:

Best Solution so far: 
[1, 4, 2, 7, 3, 6, 5, 11, 12, 14, 9, 8, 18, 16, 13, 15, 22, 20, 17, 21, 19, 28, 25, 23, 26, 10, 24, 31, 27, 30, 29, 32] 
[0, 0, 0, 0, 0, 0, 2, 0, 0, 0, 0, 1, 0, 2, 0, 0, 0, 1, 1, 2, 1, 0, 0, 0, 0, 0, 0, 1, 0, 0, 0, 1]
Project Length: 22
Non-renewable resources constrains met: True



==================================================

Run 4:

Best Solution so far: 
[1, 4, 3, 11, 7, 12, 5, 2, 6, 14, 13, 9, 8, 20, 17, 15, 22, 18, 19, 21, 16, 10, 23, 28, 25, 26, 24, 30, 27, 29, 31, 32] 
[2, 0, 0, 1, 0, 0, 2, 0, 0, 0, 2, 0, 1, 0, 2, 0, 0, 0, 0, 1, 2, 1, 1, 1, 0, 0, 0, 0, 0, 0, 1, 1]
Project Length: 22
Non-renewable resources constrains met: True



==================================================

Run 5:

Best Solution so far: 
[1, 4, 2, 3, 7, 5, 14, 11, 6, 12, 22, 13, 8, 9, 18, 15, 19, 21, 16, 17, 25, 20, 28, 23, 26, 24, 27, 10, 31, 30, 29, 32] 
[2, 0, 0, 0, 0, 2, 2, 0, 0, 0, 0, 2, 2, 0, 0, 0, 1, 0, 2, 0, 1, 0, 2, 0, 0, 1, 0, 0, 1, 0, 0, 2]
Project Length: 22
Non-renewable resources constrains met: True



==================================================


==================================================


==================================================

NEW INSTANCE: j3063_7
Run 1:

Best Solution so far: 
[1, 2, 4, 3, 16, 11, 6, 5, 9, 15, 7, 17, 12, 8, 22, 14, 10, 27, 13, 18, 20, 19, 25, 23, 21, 28, 26, 24, 31, 30, 29, 32] 
[0, 0, 0, 1, 1, 0, 0, 0, 0, 0, 0, 0, 1, 1, 0, 0, 1, 1, 1, 0, 0, 0, 1, 0, 0, 0, 0, 0, 1, 0, 0, 0]
Project Length: 27
Non-renewable resources constrains met: True



==================================================

Run 2:

Best Solution so far: 
[1, 4, 2, 15, 3, 16, 5, 11, 9, 6, 7, 8, 17, 22, 12, 10, 14, 13, 18, 27, 20, 19, 21, 25, 28, 31, 23, 24, 26, 30, 29, 32] 
[0, 0, 0, 0, 0, 1, 0, 0, 1, 0, 0, 0, 0, 0, 1, 1, 0, 0, 0, 0, 0, 0, 0, 1, 1, 1, 0, 0, 0, 0, 0, 0]
Project Length: 27
Non-renewable resources constrains met: True



==================================================

Run 3:

Best Solution so far: 
[1, 2, 3, 4, 5, 7, 11, 15, 9, 8, 6, 16, 17, 14, 12, 27, 13, 10, 22, 18, 25, 19, 20, 23, 21, 31, 26, 28, 24, 30, 29, 32] 
[0, 0, 1, 0, 0, 0, 0, 0, 0, 0, 0, 0, 0, 0, 0, 2, 0, 0, 0, 0, 0, 0, 0, 0, 0, 0, 0, 1, 0, 0, 0, 2]
Project Length: 27
Non-renewable resources constrains met: True



==================================================

Run 4:

Best Solution so far: 
[1, 4, 2, 3, 6, 15, 16, 11, 9, 5, 7, 17, 8, 12, 27, 14, 10, 22, 20, 13, 18, 25, 21, 19, 31, 23, 26, 28, 24, 30, 29, 32] 
[1, 1, 0, 1, 1, 1, 0, 0, 0, 0, 0, 0, 0, 0, 2, 0, 0, 0, 0, 0, 0, 1, 1, 0, 0, 0, 0, 0, 0, 0, 0, 2]
Project Length: 28
Non-renewable resources constrains met: True



==================================================

Run 5:

Best Solution so far: 
[1, 3, 2, 4, 16, 11, 5, 15, 6, 9, 17, 7, 8, 14, 27, 22, 12, 13, 10, 18, 20, 25, 19, 23, 21, 28, 24, 26, 31, 30, 29, 32] 
[1, 0, 0, 1, 2, 0, 0, 0, 1, 1, 0, 0, 0, 0, 1, 0, 1, 0, 1, 0, 0, 0, 0, 0, 0, 1, 0, 0, 1, 0, 0, 0]
Project Length: 28
Non-renewable resources constrains met: True



==================================================

TIME: 35

==================================================


==================================================

NEW INSTANCE: j3011_9
Run 1:

Best Solution so far: 
[1, 2, 3, 12, 6, 13, 5, 7, 11, 15, 14, 9, 8, 22, 10, 19, 25, 26, 21, 4, 16, 18, 20, 24, 27, 23, 28, 29, 17, 30, 31, 32] 
[1, 0, 2, 0, 0, 2, 2, 0, 0, 0, 0, 0, 0, 0, 2, 0, 1, 0, 0, 0, 1, 0, 2, 0, 0, 0, 0, 0, 0, 0, 2, 1]
Project Length: 26
Non-renewable resources constrains met: True



==================================================

Run 2:

Best Solution so far: 
[1, 2, 3, 6, 12, 14, 13, 15, 7, 11, 9, 8, 19, 10, 22, 21, 26, 5, 25, 18, 17, 16, 4, 20, 24, 27, 28, 29, 23, 31, 30, 32] 
[1, 0, 2, 0, 0, 2, 0, 1, 0, 0, 1, 0, 0, 0, 0, 0, 0, 1, 0, 2, 2, 2, 2, 2, 0, 1, 0, 0, 0, 0, 0, 0]
Project Length: 27
Non-renewable resources constrains met: True



==================================================

Run 3:

Best Solution so far: 
[1, 3, 2, 14, 12, 5, 6, 13, 11, 7, 15, 9, 8, 19, 24, 10, 21, 26, 22, 18, 20, 25, 17, 27, 4, 16, 28, 29, 23, 31, 30, 32] 
[2, 0, 0, 2, 0, 2, 0, 0, 0, 0, 0, 1, 0, 0, 0, 0, 0, 0, 0, 2, 2, 1, 0, 0, 2, 1, 0, 0, 0, 2, 0, 1]
Project Length: 26
Non-renewable resources constrains met: True



==================================================

Run 4:

Best Solution so far: 
[1, 3, 2, 14, 6, 12, 15, 5, 4, 13, 11, 9, 7, 8, 19, 10, 22, 16, 18, 26, 21, 24, 20, 25, 27, 17, 23, 28, 29, 31, 30, 32] 
[2, 0, 0, 2, 1, 0, 0, 0, 0, 1, 0, 0, 0, 0, 0, 1, 0, 1, 0, 0, 0, 1, 2, 1, 0, 0, 1, 0, 0, 2, 0, 1]
Project Length: 27
Non-renewable resources constrains met: True



==================================================

Run 5:

Best Solution so far: 
[1, 2, 12, 6, 3, 13, 11, 7, 15, 9, 8, 19, 4, 5, 20, 10, 24, 18, 16, 21, 14, 22, 26, 25, 27, 23, 28, 17, 29, 31, 30, 32] 
[0, 1, 0, 0, 0, 0, 0, 0, 0, 0, 0, 0, 2, 0, 1, 1, 1, 1, 1, 0, 0, 0, 0, 1, 0, 0, 0, 0, 0, 1, 0, 0]
Project Length: 28
Non-renewable resources constrains met: True



==================================================


==================================================


==================================================

NEW INSTANCE: j3012_4
Run 1:

Best Solution so far: 
[1, 4, 2, 5, 7, 3, 14, 8, 13, 10, 25, 9, 6, 15, 11, 12, 19, 17, 16, 26, 21, 20, 18, 24, 23, 22, 27, 31, 28, 30, 29, 32] 
[1, 2, 0, 1, 0, 2, 1, 0, 2, 0, 2, 1, 0, 2, 1, 0, 0, 0, 2, 2, 0, 0, 1, 0, 0, 1, 0, 1, 1, 0, 0, 1]
Project Length: 29
Non-renewable resources constrains met: True



==================================================

Run 2:

Best Solution so far: 
[1, 2, 7, 9, 4, 8, 5, 3, 13, 10, 14, 6, 15, 19, 17, 12, 11, 26, 25, 16, 20, 21, 23, 22, 24, 18, 31, 28, 27, 29, 30, 32] 
[2, 0, 0, 2, 1, 0, 1, 0, 2, 0, 1, 2, 1, 0, 0, 0, 1, 0, 1, 2, 0, 0, 1, 1, 0, 1, 1, 2, 0, 0, 0, 2]
Project Length: 29
Non-renewable resources constrains met: True



==================================================

Run 3:

Best Solution so far: 
[1, 2, 7, 3, 5, 14, 6, 4, 9, 13, 8, 10, 15, 19, 11, 16, 17, 26, 25, 18, 12, 22, 20, 21, 24, 23, 27, 28, 31, 29, 30, 32] 
[1, 0, 0, 2, 1, 1, 1, 1, 1, 1, 0, 0, 2, 0, 1, 1, 0, 2, 2, 1, 0, 1, 0, 0, 0, 0, 1, 2, 1, 0, 0, 2]
Project Length: 30
Non-renewable resources constrains met: True



==================================================

Run 4:

Best Solution so far: 
[1, 2, 5, 7, 6, 13, 9, 3, 8, 4, 14, 10, 15, 17, 12, 19, 11, 25, 16, 26, 20, 21, 23, 22, 18, 24, 27, 31, 28, 29, 30, 32] 
[1, 0, 0, 0, 0, 2, 2, 0, 0, 2, 1, 0, 1, 0, 2, 0, 1, 2, 2, 2, 0, 0, 1, 1, 1, 0, 0, 1, 2, 0, 0, 2]
Project Length: 29
Non-renewable resources constrains met: True



==================================================

Run 5:

Best Solution so far: 
[1, 2, 5, 7, 8, 3, 14, 9, 6, 13, 4, 10, 17, 19, 11, 16, 12, 26, 15, 20, 23, 21, 22, 18, 25, 24, 27, 31, 28, 30, 29, 32] 
[1, 0, 0, 0, 0, 2, 1, 1, 2, 1, 2, 0, 1, 0, 2, 1, 1, 1, 1, 0, 1, 0, 1, 1, 0, 0, 0, 0, 2, 0, 0, 0]
Project Length: 30
Non-renewable resources constrains met: True



==================================================


==================================================


==================================================

NEW INSTANCE: j3022_4
Run 1:

Best Solution so far: 
[1, 3, 2, 4, 5, 6, 9, 8, 13, 15, 20, 10, 11, 16, 23, 21, 22, 7, 14, 26, 12, 18, 19, 17, 24, 25, 27, 28, 29, 31, 30, 32] 
[2, 0, 1, 0, 0, 0, 0, 0, 0, 1, 0, 0, 0, 1, 0, 0, 2, 1, 0, 1, 0, 0, 1, 0, 0, 0, 0, 0, 0, 0, 1, 1]
Project Length: 27
Non-renewable resources constrains met: True



==================================================

Run 2:

Best Solution so far: 
[1, 3, 4, 2, 9, 5, 6, 13, 8, 16, 11, 15, 23, 17, 20, 10, 14, 22, 21, 18, 12, 26, 28, 7, 19, 24, 25, 27, 29, 31, 30, 32] 
[2, 0, 0, 0, 0, 0, 0, 0, 0, 0, 0, 2, 0, 1, 0, 0, 1, 1, 0, 0, 0, 0, 0, 2, 0, 0, 0, 1, 0, 0, 1, 1]
Project Length: 28
Non-renewable resources constrains met: True



==================================================

Run 3:

Best Solution so far: 
[1, 4, 3, 9, 2, 5, 6, 8, 13, 7, 20, 11, 10, 15, 16, 23, 21, 12, 17, 26, 14, 22, 24, 19, 18, 25, 28, 27, 29, 30, 31, 32] 
[2, 0, 0, 0, 0, 0, 0, 0, 0, 0, 0, 0, 0, 1, 0, 0, 0, 2, 0, 1, 0, 0, 0, 1, 0, 0, 0, 1, 0, 0, 0, 0]
Project Length: 28
Non-renewable resources constrains met: True



==================================================

Run 4:

Best Solution so far: 
[1, 3, 2, 4, 5, 8, 9, 6, 10, 13, 11, 20, 15, 16, 18, 17, 21, 22, 7, 23, 14, 28, 24, 12, 26, 19, 25, 31, 27, 29, 30, 32] 
[1, 0, 0, 0, 0, 0, 0, 0, 0, 0, 0, 0, 1, 0, 0, 0, 0, 0, 1, 0, 0, 0, 2, 0, 0, 0, 0, 2, 0, 0, 1, 2]
Project Length: 27
Non-renewable resources constrains met: True



==================================================

Run 5:

Best Solution so far: 
[1, 3, 4, 9, 2, 6, 5, 8, 16, 13, 15, 11, 20, 10, 14, 7, 22, 21, 23, 18, 26, 12, 24, 17, 19, 25, 27, 28, 29, 31, 30, 32] 
[2, 0, 0, 0, 0, 0, 0, 0, 2, 0, 1, 0, 0, 1, 2, 1, 0, 0, 0, 0, 0, 1, 2, 1, 1, 0, 0, 0, 0, 0, 0, 2]
Project Length: 28
Non-renewable resources constrains met: True



==================================================


==================================================


==================================================

NEW INSTANCE: j3025_10
Run 1:

Best Solution so far: 
[1, 4, 2, 3, 11, 9, 6, 7, 8, 5, 14, 13, 21, 26, 22, 15, 20, 10, 12, 19, 25, 18, 23, 17, 28, 24, 30, 16, 27, 31, 29, 32] 
[2, 0, 1, 0, 0, 0, 1, 0, 0, 1, 2, 0, 0, 0, 0, 0, 0, 0, 1, 0, 2, 2, 0, 1, 0, 0, 0, 0, 0, 0, 0, 1]
Project Length: 27
Non-renewable resources constrains met: True



==================================================

Run 2:

Best Solution so far: 
[1, 4, 2, 3, 11, 7, 9, 8, 6, 13, 14, 21, 22, 15, 20, 17, 5, 12, 10, 25, 18, 23, 26, 19, 24, 28, 30, 16, 27, 31, 29, 32] 
[1, 0, 1, 0, 0, 0, 0, 1, 2, 0, 2, 0, 0, 0, 0, 2, 0, 1, 0, 2, 0, 0, 0, 0, 0, 0, 0, 0, 0, 0, 0, 1]
Project Length: 27
Non-renewable resources constrains met: True



==================================================

Run 3:

Best Solution so far: 
[1, 2, 3, 4, 6, 7, 11, 9, 16, 8, 13, 14, 5, 15, 21, 20, 25, 22, 10, 26, 19, 12, 23, 17, 18, 28, 24, 30, 27, 31, 29, 32] 
[0, 1, 0, 0, 0, 0, 0, 0, 0, 2, 0, 0, 1, 0, 0, 0, 2, 0, 1, 0, 1, 1, 0, 1, 0, 0, 0, 0, 0, 0, 0, 2]
Project Length: 27
Non-renewable resources constrains met: True



==================================================

Run 4:

Best Solution so far: 
[1, 2, 3, 4, 11, 16, 9, 7, 5, 6, 14, 8, 13, 22, 21, 12, 15, 10, 20, 19, 25, 26, 17, 23, 18, 28, 24, 30, 27, 31, 29, 32] 
[2, 1, 0, 0, 0, 0, 0, 0, 1, 0, 2, 0, 0, 1, 0, 1, 0, 1, 0, 1, 2, 0, 1, 0, 0, 0, 0, 0, 0, 0, 0, 0]
Project Length: 27
Non-renewable resources constrains met: True



==================================================

Run 5:

Best Solution so far: 
[1, 2, 4, 3, 9, 11, 7, 16, 6, 8, 14, 5, 21, 13, 22, 15, 10, 25, 20, 19, 17, 26, 18, 23, 24, 12, 28, 30, 27, 31, 29, 32] 
[1, 1, 1, 0, 0, 0, 0, 0, 1, 0, 0, 0, 0, 0, 0, 0, 1, 2, 0, 1, 0, 0, 0, 0, 0, 1, 0, 0, 0, 0, 0, 0]
Project Length: 27
Non-renewable resources constrains met: True



==================================================


==================================================


==================================================

NEW INSTANCE: j3031_8
Run 1:

Best Solution so far: 
[1, 2, 3, 5, 8, 4, 6, 7, 13, 14, 19, 11, 12, 16, 10, 18, 23, 15, 20, 22, 9, 24, 21, 26, 17, 25, 28, 27, 29, 30, 31, 32] 
[1, 0, 0, 0, 0, 0, 0, 0, 2, 0, 0, 0, 0, 2, 1, 0, 1, 0, 0, 0, 0, 0, 0, 0, 0, 0, 0, 0, 0, 0, 0, 0]
Project Length: 26
Non-renewable resources constrains met: True



==================================================

Run 2:

Best Solution so far: 
[1, 2, 3, 5, 14, 8, 7, 6, 13, 12, 19, 11, 10, 18, 23, 4, 20, 9, 16, 24, 15, 21, 22, 17, 26, 25, 27, 28, 30, 31, 29, 32] 
[0, 0, 0, 0, 0, 0, 0, 0, 0, 0, 1, 0, 0, 0, 0, 0, 0, 0, 1, 0, 0, 0, 0, 0, 0, 1, 0, 0, 0, 0, 0, 2]
Project Length: 26
Non-renewable resources constrains met: True



==================================================

Run 3:

Best Solution so far: 
[1, 2, 3, 4, 8, 5, 13, 6, 7, 12, 14, 11, 18, 10, 19, 16, 23, 20, 24, 15, 21, 9, 22, 17, 26, 25, 27, 28, 31, 29, 30, 32] 
[2, 0, 0, 0, 1, 0, 2, 0, 0, 0, 0, 0, 1, 0, 0, 2, 2, 0, 0, 0, 0, 0, 0, 0, 0, 1, 0, 0, 0, 0, 0, 2]
Project Length: 26
Non-renewable resources constrains met: True



==================================================

Run 4:

Best Solution so far: 
[1, 2, 3, 4, 5, 13, 7, 6, 8, 12, 14, 19, 18, 11, 23, 16, 9, 10, 20, 15, 24, 22, 26, 17, 28, 25, 21, 27, 30, 31, 29, 32] 
[0, 0, 0, 2, 0, 2, 0, 0, 0, 0, 0, 0, 0, 0, 1, 1, 0, 1, 0, 0, 0, 0, 0, 1, 1, 1, 0, 0, 0, 0, 0, 0]
Project Length: 26
Non-renewable resources constrains met: True



==================================================

Run 5:

Best Solution so far: 
[1, 2, 3, 6, 8, 14, 5, 7, 4, 13, 16, 19, 11, 12, 23, 18, 20, 10, 9, 15, 22, 17, 24, 26, 28, 25, 21, 27, 30, 31, 29, 32] 
[0, 0, 0, 0, 0, 1, 0, 0, 1, 2, 0, 1, 0, 0, 1, 1, 0, 0, 0, 0, 0, 1, 0, 0, 0, 1, 0, 0, 0, 0, 0, 2]
Project Length: 26
Non-renewable resources constrains met: True



==================================================


==================================================


==================================================

NEW INSTANCE: j3055_8
Run 1:

Best Solution so far: 
[1, 3, 2, 4, 5, 10, 17, 8, 11, 15, 7, 6, 13, 20, 16, 18, 9, 14, 25, 21, 12, 22, 19, 24, 23, 27, 26, 28, 29, 31, 30, 32] 
[1, 0, 2, 2, 0, 0, 0, 1, 1, 1, 1, 1, 2, 0, 1, 2, 0, 0, 1, 0, 0, 2, 2, 0, 0, 0, 1, 0, 0, 0, 0, 2]
Project Length: 44
Non-renewable resources constrains met: True



==================================================

Run 2:

Best Solution so far: 
[1, 4, 2, 3, 5, 6, 10, 8, 7, 15, 25, 9, 20, 16, 11, 22, 17, 13, 14, 21, 19, 30, 12, 23, 18, 26, 24, 27, 28, 29, 31, 32] 
[0, 2, 0, 0, 0, 0, 0, 2, 2, 0, 0, 1, 0, 1, 0, 0, 0, 1, 1, 0, 0, 1, 0, 0, 1, 2, 0, 0, 0, 0, 0, 2]
Project Length: 44
Non-renewable resources constrains met: True



==================================================

Run 3:

Best Solution so far: 
[1, 4, 3, 2, 25, 5, 7, 8, 6, 10, 15, 17, 20, 9, 16, 11, 22, 14, 21, 18, 12, 13, 24, 23, 27, 28, 19, 30, 29, 26, 31, 32] 
[0, 1, 0, 1, 2, 0, 1, 1, 2, 0, 1, 2, 0, 1, 0, 1, 1, 1, 0, 1, 0, 2, 0, 0, 0, 0, 2, 2, 0, 0, 0, 0]
Project Length: 44
Non-renewable resources constrains met: True



==================================================

Run 4:

Best Solution so far: 
[1, 3, 4, 2, 5, 8, 10, 7, 25, 11, 15, 13, 14, 9, 17, 20, 16, 12, 6, 19, 21, 23, 24, 22, 28, 18, 26, 27, 30, 29, 31, 32] 
[2, 0, 2, 0, 0, 1, 0, 1, 1, 1, 0, 0, 2, 1, 2, 0, 1, 0, 2, 0, 0, 0, 0, 2, 0, 2, 0, 0, 1, 0, 0, 1]
Project Length: 44
Non-renewable resources constrains met: True



==================================================

Run 5:

Best Solution so far: 
[1, 4, 3, 2, 5, 6, 25, 10, 8, 15, 7, 9, 11, 20, 14, 22, 12, 17, 13, 16, 21, 23, 30, 24, 27, 18, 28, 19, 26, 29, 31, 32] 
[0, 0, 0, 0, 0, 1, 1, 0, 1, 1, 2, 1, 0, 0, 2, 0, 1, 2, 2, 1, 0, 0, 2, 0, 0, 1, 0, 2, 0, 0, 0, 1]
Project Length: 44
Non-renewable resources constrains met: True



==================================================


==================================================


==================================================

NEW INSTANCE: j3058_7
Run 1:

Best Solution so far: 
[1, 2, 3, 6, 7, 5, 8, 11, 20, 4, 12, 14, 9, 10, 17, 23, 13, 16, 15, 24, 19, 18, 26, 22, 21, 25, 30, 27, 28, 31, 29, 32] 
[0, 1, 0, 0, 1, 0, 2, 0, 1, 0, 0, 0, 0, 0, 0, 1, 0, 0, 0, 0, 0, 0, 0, 0, 0, 1, 0, 0, 0, 0, 0, 0]
Project Length: 26
Non-renewable resources constrains met: True



==================================================

Run 2:

Best Solution so far: 
[1, 3, 2, 5, 6, 4, 8, 20, 11, 7, 14, 9, 12, 10, 17, 13, 15, 22, 23, 19, 18, 16, 26, 30, 24, 21, 27, 25, 28, 31, 29, 32] 
[1, 0, 0, 0, 0, 2, 1, 2, 0, 0, 0, 0, 0, 0, 0, 0, 0, 0, 0, 0, 0, 0, 0, 0, 0, 0, 0, 1, 0, 0, 0, 2]
Project Length: 26
Non-renewable resources constrains met: True



==================================================

Run 3:

Best Solution so far: 
[1, 2, 3, 5, 6, 7, 8, 4, 20, 11, 9, 12, 14, 10, 17, 13, 16, 19, 18, 23, 24, 15, 22, 26, 21, 30, 27, 25, 28, 31, 29, 32] 
[0, 2, 0, 0, 0, 2, 1, 1, 0, 0, 0, 0, 0, 0, 0, 0, 0, 0, 0, 0, 0, 0, 0, 0, 0, 0, 0, 1, 0, 0, 0, 1]
Project Length: 26
Non-renewable resources constrains met: True



==================================================

Run 4:

Best Solution so far: 
[1, 3, 7, 5, 6, 8, 2, 9, 11, 4, 12, 14, 23, 20, 10, 17, 13, 19, 16, 18, 15, 22, 26, 24, 27, 21, 30, 25, 28, 29, 31, 32] 
[0, 0, 0, 0, 0, 1, 1, 0, 0, 0, 0, 0, 0, 2, 0, 0, 0, 0, 0, 0, 1, 0, 0, 0, 1, 0, 0, 1, 0, 0, 0, 1]
Project Length: 27
Non-renewable resources constrains met: True



==================================================

Run 5:

Best Solution so far: 
[1, 3, 6, 5, 8, 4, 2, 11, 14, 7, 20, 9, 12, 10, 17, 13, 23, 19, 16, 18, 22, 15, 26, 24, 27, 30, 21, 25, 28, 29, 31, 32] 
[0, 0, 0, 0, 1, 1, 0, 0, 0, 0, 2, 0, 0, 0, 0, 0, 1, 0, 0, 0, 1, 0, 0, 0, 0, 0, 0, 1, 0, 0, 0, 2]
Project Length: 26
Non-renewable resources constrains met: True



==================================================


==================================================


==================================================

NEW INSTANCE: j3059_5
Run 1:

Best Solution so far: 
[1, 2, 3, 10, 6, 9, 5, 13, 7, 16, 4, 11, 12, 21, 18, 19, 22, 17, 23, 20, 8, 24, 14, 31, 25, 15, 27, 29, 26, 28, 30, 32] 
[0, 1, 0, 0, 0, 0, 0, 0, 1, 0, 1, 0, 0, 1, 0, 0, 0, 0, 0, 0, 1, 0, 0, 1, 0, 2, 0, 1, 0, 1, 0, 1]
Project Length: 28
Non-renewable resources constrains met: True



==================================================

Run 2:

Best Solution so far: 
[1, 3, 9, 6, 2, 10, 12, 16, 5, 13, 21, 4, 7, 19, 11, 8, 14, 24, 17, 18, 23, 20, 22, 26, 27, 25, 29, 31, 15, 28, 30, 32] 
[2, 0, 0, 0, 0, 0, 0, 0, 0, 1, 0, 0, 0, 0, 1, 0, 0, 1, 0, 0, 0, 0, 0, 0, 1, 0, 0, 2, 2, 1, 0, 1]
Project Length: 28
Non-renewable resources constrains met: True



==================================================

Run 3:

Best Solution so far: 
[1, 3, 2, 4, 10, 6, 9, 5, 12, 7, 16, 21, 14, 13, 17, 18, 19, 23, 20, 27, 8, 24, 11, 26, 22, 15, 31, 25, 28, 30, 29, 32] 
[2, 0, 0, 1, 0, 0, 0, 0, 0, 0, 1, 1, 2, 0, 0, 0, 0, 0, 0, 1, 1, 1, 0, 0, 1, 0, 2, 0, 1, 0, 1, 0]
Project Length: 28
Non-renewable resources constrains met: True



==================================================

Run 4:

Best Solution so far: 
[1, 2, 3, 10, 6, 9, 5, 7, 13, 12, 4, 21, 16, 14, 18, 19, 11, 8, 17, 23, 20, 27, 26, 22, 24, 25, 15, 29, 28, 31, 30, 32] 
[1, 0, 0, 0, 0, 0, 0, 2, 0, 0, 2, 0, 2, 1, 1, 0, 2, 1, 0, 0, 0, 1, 0, 0, 0, 0, 0, 1, 0, 0, 0, 1]
Project Length: 28
Non-renewable resources constrains met: True



==================================================

Run 5:

Best Solution so far: 
[1, 2, 3, 4, 10, 9, 12, 5, 6, 7, 21, 13, 14, 18, 16, 19, 17, 20, 22, 27, 24, 23, 11, 8, 26, 25, 29, 31, 15, 28, 30, 32] 
[2, 1, 0, 2, 0, 0, 0, 0, 0, 1, 0, 1, 1, 0, 0, 0, 0, 0, 0, 1, 0, 0, 0, 1, 0, 0, 2, 1, 0, 0, 0, 1]
Project Length: 28
Non-renewable resources constrains met: True



==================================================


==================================================


==================================================

NEW INSTANCE: j3060_1
Run 1:

Best Solution so far: 
[1, 4, 11, 7, 2, 3, 6, 12, 14, 18, 9, 22, 20, 8, 5, 25, 13, 16, 17, 15, 19, 10, 23, 28, 24, 21, 26, 27, 31, 30, 29, 32] 
[1, 0, 1, 0, 0, 0, 0, 0, 0, 0, 0, 0, 0, 0, 0, 2, 0, 0, 1, 0, 1, 1, 1, 1, 0, 0, 0, 0, 1, 0, 0, 0]
Project Length: 22
Non-renewable resources constrains met: True



==================================================

Run 2:

Best Solution so far: 
[1, 3, 4, 2, 7, 11, 5, 13, 20, 6, 14, 12, 17, 9, 8, 18, 15, 22, 25, 28, 21, 19, 16, 23, 24, 26, 30, 27, 10, 29, 31, 32] 
[1, 1, 0, 0, 0, 0, 0, 2, 0, 1, 0, 0, 1, 0, 2, 0, 0, 0, 1, 1, 0, 0, 2, 1, 1, 0, 0, 0, 0, 0, 0, 0]
Project Length: 22
Non-renewable resources constrains met: True



==================================================

Run 3:

Best Solution so far: 
[1, 4, 11, 3, 7, 2, 14, 6, 12, 5, 20, 13, 22, 8, 9, 18, 17, 15, 25, 23, 19, 21, 16, 28, 10, 26, 24, 27, 30, 29, 31, 32] 
[2, 0, 0, 0, 0, 0, 0, 1, 0, 1, 1, 2, 0, 2, 0, 0, 2, 0, 2, 1, 1, 0, 1, 1, 1, 0, 0, 0, 0, 0, 0, 1]
Project Length: 22
Non-renewable resources constrains met: True



==================================================

Run 4:

Best Solution so far: 
[1, 4, 3, 2, 7, 11, 12, 14, 6, 18, 9, 22, 13, 15, 25, 17, 5, 16, 20, 8, 19, 28, 23, 26, 24, 21, 30, 10, 27, 31, 29, 32] 
[2, 0, 0, 0, 0, 1, 0, 0, 0, 0, 0, 0, 0, 0, 0, 1, 1, 1, 1, 1, 1, 0, 0, 0, 0, 0, 0, 0, 0, 1, 0, 1]
Project Length: 22
Non-renewable resources constrains met: True



==================================================

Run 5:

Best Solution so far: 
[1, 2, 4, 3, 7, 12, 6, 11, 5, 16, 20, 14, 8, 18, 13, 9, 17, 15, 22, 19, 21, 28, 10, 23, 25, 26, 24, 31, 30, 27, 29, 32] 
[0, 0, 0, 0, 0, 0, 1, 0, 0, 0, 0, 0, 2, 0, 1, 0, 0, 0, 0, 0, 1, 0, 0, 1, 0, 0, 1, 0, 0, 0, 0, 1]
Project Length: 22
Non-renewable resources constrains met: True



==================================================


==================================================


==================================================

NEW INSTANCE: j3063_7
Run 1:

Best Solution so far: 
[1, 2, 3, 4, 16, 15, 9, 5, 7, 6, 11, 12, 17, 8, 14, 10, 22, 20, 13, 18, 27, 25, 21, 19, 23, 31, 28, 24, 26, 30, 29, 32] 
[2, 0, 0, 1, 0, 1, 0, 0, 0, 1, 0, 0, 0, 0, 0, 0, 0, 0, 0, 0, 0, 1, 0, 0, 0, 1, 0, 0, 0, 0, 0, 1]
Project Length: 27
Non-renewable resources constrains met: True



==================================================

Run 2:

Best Solution so far: 
[1, 3, 2, 4, 15, 16, 5, 11, 9, 7, 12, 17, 8, 6, 27, 10, 13, 14, 18, 22, 20, 25, 19, 21, 31, 23, 28, 24, 26, 30, 29, 32] 
[1, 1, 0, 0, 0, 2, 0, 0, 1, 0, 1, 0, 1, 0, 0, 1, 1, 0, 0, 0, 0, 0, 0, 0, 1, 0, 0, 0, 0, 0, 0, 1]
Project Length: 27
Non-renewable resources constrains met: True



==================================================

Run 3:

Best Solution so far: 
[1, 4, 3, 2, 15, 16, 9, 5, 11, 6, 7, 17, 8, 12, 14, 10, 22, 18, 13, 27, 20, 19, 25, 21, 23, 28, 24, 26, 30, 31, 29, 32] 
[1, 1, 1, 0, 0, 1, 1, 0, 0, 2, 0, 0, 0, 1, 0, 1, 0, 0, 1, 1, 0, 0, 1, 0, 0, 0, 0, 0, 0, 0, 0, 0]
Project Length: 27
Non-renewable resources constrains met: True



==================================================

Run 4:

Best Solution so far: 
[1, 2, 3, 5, 6, 9, 7, 4, 11, 8, 15, 12, 16, 17, 14, 13, 10, 27, 22, 18, 25, 19, 20, 21, 23, 28, 24, 26, 31, 30, 29, 32] 
[0, 0, 0, 0, 1, 2, 1, 1, 0, 0, 0, 1, 0, 0, 0, 0, 1, 1, 0, 0, 1, 0, 0, 0, 0, 1, 0, 0, 0, 0, 0, 0]
Project Length: 28
Non-renewable resources constrains met: True



==================================================

Run 5:

Best Solution so far: 
[1, 3, 4, 2, 16, 11, 5, 7, 15, 9, 6, 17, 8, 14, 12, 22, 13, 27, 10, 18, 25, 19, 20, 23, 21, 31, 28, 24, 26, 30, 29, 32] 
[2, 1, 0, 0, 2, 0, 0, 0, 1, 1, 2, 1, 0, 0, 0, 0, 0, 0, 1, 0, 1, 0, 0, 0, 0, 0, 1, 0, 0, 0, 0, 0]
Project Length: 27
Non-renewable resources constrains met: True



==================================================

TIME: 40

==================================================


==================================================

NEW INSTANCE: j3011_9
Run 1:

Best Solution so far: 
[1, 2, 3, 12, 14, 6, 13, 15, 5, 7, 9, 11, 8, 19, 22, 16, 18, 21, 10, 26, 24, 4, 25, 17, 20, 27, 23, 28, 29, 31, 30, 32] 
[2, 0, 0, 0, 2, 0, 2, 2, 1, 0, 1, 0, 0, 0, 0, 1, 1, 0, 0, 0, 1, 0, 1, 0, 2, 0, 0, 0, 0, 2, 0, 0]
Project Length: 27
Non-renewable resources constrains met: True



==================================================

Run 2:

Best Solution so far: 
[1, 3, 2, 6, 14, 15, 12, 13, 11, 9, 7, 8, 4, 18, 19, 26, 22, 10, 24, 21, 5, 20, 25, 16, 17, 27, 31, 28, 29, 23, 30, 32] 
[0, 0, 0, 0, 2, 2, 0, 0, 0, 1, 0, 0, 2, 1, 0, 0, 0, 1, 1, 0, 1, 2, 1, 1, 0, 0, 1, 0, 0, 0, 0, 2]
Project Length: 27
Non-renewable resources constrains met: True



==================================================

Run 3:

Best Solution so far: 
[1, 4, 2, 3, 6, 12, 14, 13, 11, 5, 9, 7, 15, 24, 18, 8, 19, 21, 10, 26, 22, 16, 25, 20, 27, 17, 28, 29, 31, 23, 30, 32] 
[0, 2, 0, 2, 0, 0, 2, 0, 0, 0, 1, 0, 0, 0, 2, 1, 0, 0, 0, 0, 0, 1, 1, 2, 0, 0, 0, 0, 2, 0, 0, 2]
Project Length: 26
Non-renewable resources constrains met: True



==================================================

Run 4:

Best Solution so far: 
[1, 2, 3, 6, 12, 14, 13, 9, 5, 7, 11, 15, 4, 18, 16, 8, 19, 22, 24, 10, 21, 25, 20, 17, 26, 27, 23, 31, 28, 30, 29, 32] 
[2, 1, 1, 0, 0, 2, 0, 0, 2, 0, 0, 1, 2, 0, 0, 0, 0, 0, 1, 0, 0, 1, 2, 0, 0, 0, 0, 0, 0, 1, 0, 2]
Project Length: 28
Non-renewable resources constrains met: True



==================================================

Run 5:

Best Solution so far: 
[1, 2, 12, 6, 3, 5, 14, 13, 11, 15, 7, 8, 19, 9, 18, 4, 21, 24, 26, 22, 10, 27, 20, 25, 16, 28, 29, 17, 23, 30, 31, 32] 
[0, 1, 0, 0, 2, 1, 2, 0, 0, 0, 0, 1, 0, 0, 2, 0, 0, 0, 0, 0, 0, 0, 1, 0, 1, 0, 0, 0, 0, 0, 0, 0]
Project Length: 28
Non-renewable resources constrains met: True



==================================================


==================================================


==================================================

NEW INSTANCE: j3012_4
Run 1:

Best Solution so far: 
[1, 2, 7, 4, 3, 8, 13, 5, 10, 14, 9, 15, 19, 6, 17, 16, 11, 26, 12, 21, 22, 20, 24, 18, 23, 31, 27, 25, 28, 30, 29, 32] 
[2, 0, 0, 2, 1, 0, 1, 1, 0, 0, 2, 2, 2, 0, 1, 1, 1, 0, 2, 0, 0, 0, 0, 1, 0, 1, 0, 1, 2, 0, 0, 1]
Project Length: 30
Non-renewable resources constrains met: True



==================================================

Run 2:

Best Solution so far: 
[1, 2, 7, 13, 5, 8, 4, 9, 14, 10, 6, 25, 12, 15, 19, 17, 3, 16, 26, 11, 20, 21, 24, 23, 18, 22, 27, 28, 31, 30, 29, 32] 
[0, 0, 0, 1, 1, 0, 0, 2, 1, 0, 1, 1, 2, 2, 0, 1, 2, 1, 0, 0, 0, 0, 0, 1, 1, 1, 0, 0, 0, 0, 0, 2]
Project Length: 30
Non-renewable resources constrains met: True



==================================================

Run 3:

Best Solution so far: 
[1, 2, 4, 13, 5, 7, 9, 14, 6, 8, 10, 16, 11, 17, 3, 25, 15, 19, 26, 12, 20, 21, 18, 22, 23, 24, 27, 28, 31, 30, 29, 32] 
[2, 0, 2, 0, 1, 0, 2, 1, 2, 0, 0, 2, 1, 0, 2, 2, 0, 0, 1, 2, 0, 0, 1, 0, 0, 0, 0, 2, 1, 0, 0, 2]
Project Length: 29
Non-renewable resources constrains met: True



==================================================

Run 4:

Best Solution so far: 
[1, 2, 7, 13, 5, 14, 4, 6, 8, 3, 10, 19, 15, 12, 17, 16, 9, 26, 20, 11, 21, 25, 23, 18, 22, 24, 27, 28, 31, 30, 29, 32] 
[1, 0, 0, 2, 1, 1, 2, 1, 0, 0, 0, 0, 2, 1, 0, 2, 0, 1, 0, 0, 0, 2, 0, 1, 1, 0, 0, 2, 1, 0, 0, 1]
Project Length: 29
Non-renewable resources constrains met: True



==================================================

Run 5:

Best Solution so far: 
[1, 2, 3, 4, 7, 13, 5, 9, 14, 6, 8, 10, 11, 15, 12, 17, 16, 19, 25, 26, 20, 21, 18, 23, 22, 24, 31, 28, 27, 30, 29, 32] 
[1, 0, 2, 1, 0, 2, 1, 0, 0, 2, 0, 0, 0, 0, 2, 1, 0, 0, 1, 2, 1, 0, 1, 0, 0, 0, 1, 1, 0, 0, 0, 0]
Project Length: 30
Non-renewable resources constrains met: True



==================================================


==================================================


==================================================

NEW INSTANCE: j3022_4
Run 1:

Best Solution so far: 
[1, 4, 3, 2, 8, 9, 5, 6, 16, 10, 18, 13, 11, 15, 23, 22, 20, 21, 7, 12, 14, 26, 17, 24, 19, 25, 27, 30, 29, 28, 31, 32] 
[1, 0, 0, 0, 0, 0, 0, 0, 0, 0, 0, 0, 1, 1, 0, 0, 0, 0, 2, 2, 0, 0, 2, 1, 1, 0, 1, 0, 0, 0, 0, 2]
Project Length: 27
Non-renewable resources constrains met: True



==================================================

Run 2:

Best Solution so far: 
[1, 4, 2, 3, 5, 6, 8, 9, 18, 10, 13, 16, 23, 15, 20, 11, 21, 14, 17, 22, 7, 12, 26, 19, 24, 25, 28, 27, 30, 29, 31, 32] 
[0, 0, 1, 0, 0, 0, 0, 0, 0, 0, 0, 0, 0, 0, 0, 1, 0, 0, 0, 0, 0, 0, 0, 0, 1, 0, 0, 0, 0, 0, 0, 1]
Project Length: 28
Non-renewable resources constrains met: True



==================================================

Run 3:

Best Solution so far: 
[1, 2, 4, 3, 5, 8, 10, 6, 11, 9, 13, 15, 20, 17, 16, 14, 7, 21, 23, 12, 18, 22, 26, 24, 25, 19, 27, 29, 30, 28, 31, 32] 
[2, 1, 1, 0, 0, 0, 0, 0, 0, 0, 0, 0, 0, 0, 0, 1, 1, 0, 0, 1, 0, 0, 0, 1, 0, 1, 0, 0, 0, 0, 0, 0]
Project Length: 28
Non-renewable resources constrains met: True



==================================================

Run 4:

Best Solution so far: 
[1, 2, 3, 4, 5, 8, 6, 9, 7, 13, 20, 10, 16, 17, 11, 23, 15, 21, 18, 14, 22, 12, 26, 24, 19, 25, 27, 29, 30, 28, 31, 32] 
[1, 0, 0, 0, 0, 0, 0, 0, 0, 0, 0, 0, 0, 0, 0, 0, 0, 0, 0, 0, 0, 1, 0, 0, 1, 0, 0, 0, 1, 0, 0, 0]
Project Length: 27
Non-renewable resources constrains met: True



==================================================

Run 5:

Best Solution so far: 
[1, 2, 3, 4, 9, 5, 8, 6, 13, 10, 16, 15, 7, 22, 20, 11, 21, 14, 23, 18, 26, 12, 17, 24, 19, 25, 27, 28, 30, 29, 31, 32] 
[0, 0, 0, 0, 0, 0, 0, 0, 0, 1, 0, 1, 0, 2, 0, 0, 0, 0, 0, 0, 0, 1, 1, 2, 0, 0, 0, 0, 0, 0, 0, 1]
Project Length: 27
Non-renewable resources constrains met: True



==================================================


==================================================


==================================================

NEW INSTANCE: j3025_10
Run 1:

Best Solution so far: 
[1, 4, 3, 2, 6, 9, 11, 7, 13, 5, 14, 8, 22, 12, 15, 21, 20, 19, 10, 25, 26, 23, 17, 18, 24, 28, 30, 16, 27, 31, 29, 32] 
[2, 0, 0, 0, 1, 0, 0, 2, 0, 0, 2, 0, 0, 1, 0, 0, 0, 1, 1, 2, 2, 0, 1, 0, 0, 0, 0, 0, 0, 0, 0, 1]
Project Length: 27
Non-renewable resources constrains met: True



==================================================

Run 2:

Best Solution so far: 
[1, 2, 4, 3, 7, 8, 9, 11, 6, 13, 5, 14, 22, 17, 21, 19, 15, 25, 10, 20, 26, 23, 18, 12, 16, 28, 24, 30, 27, 31, 29, 32] 
[0, 1, 0, 0, 0, 2, 0, 0, 0, 0, 0, 1, 0, 2, 0, 0, 0, 2, 0, 0, 0, 0, 0, 1, 1, 0, 0, 0, 0, 0, 0, 0]
Project Length: 27
Non-renewable resources constrains met: True



==================================================

Run 3:

Best Solution so far: 
[1, 4, 2, 3, 7, 5, 9, 16, 8, 11, 6, 17, 14, 13, 15, 22, 19, 21, 20, 26, 12, 10, 25, 23, 18, 24, 28, 30, 27, 31, 29, 32] 
[0, 0, 1, 0, 1, 1, 0, 1, 0, 0, 0, 0, 0, 0, 0, 0, 1, 0, 0, 0, 1, 1, 2, 0, 0, 0, 0, 0, 0, 0, 0, 2]
Project Length: 27
Non-renewable resources constrains met: True



==================================================

Run 4:

Best Solution so far: 
[1, 3, 4, 2, 5, 7, 11, 6, 16, 9, 8, 13, 17, 22, 14, 21, 15, 25, 10, 20, 19, 26, 23, 18, 28, 24, 30, 12, 27, 31, 29, 32] 
[1, 0, 0, 0, 1, 0, 0, 1, 0, 0, 0, 0, 1, 1, 0, 0, 0, 2, 1, 0, 1, 0, 0, 0, 0, 0, 0, 1, 0, 0, 0, 2]
Project Length: 27
Non-renewable resources constrains met: True



==================================================

Run 5:

Best Solution so far: 
[1, 3, 4, 2, 9, 11, 5, 16, 7, 6, 8, 14, 13, 26, 21, 22, 15, 10, 19, 25, 17, 20, 18, 23, 28, 24, 12, 30, 27, 31, 29, 32] 
[1, 0, 1, 0, 0, 0, 0, 0, 0, 0, 0, 0, 0, 0, 0, 0, 0, 1, 1, 2, 0, 0, 2, 0, 0, 0, 0, 0, 0, 0, 0, 0]
Project Length: 27
Non-renewable resources constrains met: True



==================================================


==================================================


==================================================

NEW INSTANCE: j3031_8
Run 1:

Best Solution so far: 
[1, 2, 3, 14, 5, 7, 4, 8, 6, 13, 12, 11, 19, 10, 18, 16, 20, 22, 21, 9, 23, 15, 24, 26, 25, 17, 27, 30, 28, 29, 31, 32] 
[2, 0, 0, 1, 0, 0, 0, 1, 0, 2, 0, 0, 1, 1, 1, 0, 0, 0, 0, 0, 2, 0, 0, 0, 1, 0, 0, 0, 0, 1, 0, 2]
Project Length: 26
Non-renewable resources constrains met: True



==================================================

Run 2:

Best Solution so far: 
[1, 2, 3, 5, 8, 14, 13, 7, 4, 16, 6, 12, 11, 15, 10, 19, 18, 20, 23, 9, 21, 24, 22, 17, 26, 25, 27, 28, 30, 29, 31, 32] 
[2, 0, 0, 0, 1, 0, 1, 0, 2, 0, 0, 0, 0, 0, 1, 0, 1, 0, 2, 0, 0, 0, 0, 1, 0, 1, 0, 0, 0, 0, 0, 2]
Project Length: 26
Non-renewable resources constrains met: True



==================================================

Run 3:

Best Solution so far: 
[1, 3, 2, 4, 6, 8, 5, 7, 12, 14, 13, 11, 9, 19, 18, 15, 10, 16, 23, 20, 24, 22, 26, 25, 21, 17, 28, 27, 29, 31, 30, 32] 
[0, 0, 0, 0, 0, 0, 0, 0, 0, 1, 1, 0, 2, 0, 1, 0, 1, 1, 0, 0, 0, 0, 0, 1, 0, 0, 0, 0, 0, 0, 0, 0]
Project Length: 26
Non-renewable resources constrains met: True



==================================================

Run 4:

Best Solution so far: 
[1, 3, 2, 6, 8, 5, 13, 4, 7, 14, 19, 11, 12, 23, 10, 15, 18, 20, 9, 17, 16, 22, 24, 21, 26, 28, 25, 31, 29, 27, 30, 32] 
[1, 0, 0, 0, 0, 0, 1, 1, 0, 0, 0, 0, 0, 1, 1, 0, 1, 0, 0, 0, 0, 0, 0, 0, 0, 0, 1, 0, 1, 0, 0, 1]
Project Length: 26
Non-renewable resources constrains met: True



==================================================

Run 5:

Best Solution so far: 
[1, 3, 2, 8, 4, 5, 13, 7, 6, 12, 10, 14, 11, 15, 9, 18, 17, 16, 19, 21, 20, 22, 24, 26, 23, 25, 27, 30, 28, 31, 29, 32] 
[0, 0, 0, 0, 2, 0, 0, 0, 0, 0, 0, 0, 0, 0, 0, 1, 2, 1, 1, 0, 0, 0, 0, 0, 0, 0, 0, 0, 0, 0, 1, 1]
Project Length: 26
Non-renewable resources constrains met: True



==================================================


==================================================


==================================================

NEW INSTANCE: j3055_8
Run 1:

Best Solution so far: 
[1, 4, 3, 2, 25, 5, 8, 10, 11, 14, 15, 17, 7, 16, 18, 20, 13, 6, 9, 21, 12, 23, 24, 19, 22, 26, 27, 28, 30, 29, 31, 32] 
[1, 1, 0, 1, 2, 0, 2, 0, 1, 2, 0, 1, 1, 0, 2, 0, 2, 2, 1, 0, 0, 0, 0, 1, 0, 0, 0, 0, 0, 0, 0, 1]
Project Length: 44
Non-renewable resources constrains met: True



==================================================

Run 2:

Best Solution so far: 
[1, 4, 2, 3, 5, 11, 10, 6, 7, 8, 17, 13, 15, 22, 25, 9, 12, 14, 16, 20, 18, 21, 24, 23, 19, 26, 30, 28, 27, 29, 31, 32] 
[1, 1, 1, 0, 0, 0, 0, 1, 0, 2, 2, 2, 0, 0, 1, 0, 2, 1, 0, 0, 2, 0, 0, 0, 1, 2, 1, 0, 0, 0, 0, 2]
Project Length: 44
Non-renewable resources constrains met: True



==================================================

Run 3:

Best Solution so far: 
[1, 2, 3, 5, 4, 25, 6, 8, 10, 11, 15, 7, 16, 17, 18, 20, 14, 9, 13, 22, 19, 12, 21, 24, 23, 27, 28, 26, 30, 29, 31, 32] 
[2, 1, 0, 0, 2, 1, 2, 2, 0, 0, 0, 0, 0, 0, 2, 0, 2, 0, 1, 1, 1, 0, 0, 0, 0, 0, 0, 1, 1, 0, 0, 2]
Project Length: 44
Non-renewable resources constrains met: True



==================================================

Run 4:

Best Solution so far: 
[1, 2, 3, 4, 5, 10, 11, 6, 7, 17, 8, 15, 25, 22, 13, 16, 20, 19, 14, 9, 30, 21, 12, 23, 18, 24, 26, 28, 27, 29, 31, 32] 
[1, 2, 0, 1, 0, 0, 2, 1, 2, 0, 2, 0, 0, 2, 2, 0, 0, 2, 0, 0, 2, 0, 0, 0, 0, 0, 2, 0, 0, 0, 0, 0]
Project Length: 44
Non-renewable resources constrains met: True



==================================================

Run 5:

Best Solution so far: 
[1, 3, 4, 2, 5, 10, 6, 8, 15, 22, 11, 9, 18, 16, 12, 7, 14, 20, 17, 21, 25, 13, 23, 24, 28, 30, 19, 27, 26, 29, 31, 32] 
[1, 0, 0, 0, 0, 0, 2, 2, 0, 2, 1, 1, 1, 1, 2, 2, 2, 0, 1, 0, 0, 0, 0, 0, 0, 1, 1, 0, 1, 0, 0, 1]
Project Length: 44
Non-renewable resources constrains met: True



==================================================


==================================================


==================================================

NEW INSTANCE: j3058_7
Run 1:

Best Solution so far: 
[1, 4, 3, 2, 6, 5, 7, 8, 20, 11, 9, 14, 12, 23, 10, 17, 13, 16, 22, 15, 19, 26, 18, 24, 27, 21, 30, 25, 28, 29, 31, 32] 
[0, 0, 0, 2, 0, 0, 0, 1, 0, 0, 0, 0, 0, 0, 0, 1, 0, 0, 0, 0, 0, 1, 0, 1, 0, 0, 1, 0, 0, 0, 0, 2]
Project Length: 27
Non-renewable resources constrains met: True



==================================================

Run 2:

Best Solution so far: 
[1, 3, 5, 2, 6, 8, 7, 11, 14, 4, 12, 9, 10, 17, 13, 20, 15, 19, 23, 16, 26, 18, 24, 22, 27, 21, 25, 30, 28, 29, 31, 32] 
[2, 0, 0, 2, 0, 0, 0, 0, 0, 0, 0, 0, 0, 0, 0, 0, 0, 0, 0, 0, 0, 0, 0, 0, 0, 0, 1, 0, 0, 0, 0, 1]
Project Length: 26
Non-renewable resources constrains met: True



==================================================

Run 3:

Best Solution so far: 
[1, 3, 2, 5, 4, 6, 7, 8, 20, 11, 12, 9, 14, 17, 10, 23, 22, 16, 13, 24, 15, 18, 19, 26, 27, 25, 21, 30, 28, 29, 31, 32] 
[0, 0, 0, 0, 0, 0, 2, 0, 2, 0, 0, 0, 0, 0, 0, 1, 0, 0, 0, 0, 0, 0, 0, 0, 0, 1, 0, 0, 0, 0, 0, 2]
Project Length: 26
Non-renewable resources constrains met: True



==================================================

Run 4:

Best Solution so far: 
[1, 2, 3, 6, 5, 7, 4, 8, 11, 9, 14, 12, 20, 10, 22, 23, 17, 13, 16, 19, 15, 27, 24, 18, 26, 21, 25, 30, 28, 29, 31, 32] 
[1, 1, 0, 0, 0, 2, 0, 0, 0, 0, 0, 0, 2, 0, 0, 1, 0, 0, 0, 0, 0, 1, 0, 0, 0, 0, 1, 1, 0, 0, 0, 2]
Project Length: 27
Non-renewable resources constrains met: True



==================================================

Run 5:

Best Solution so far: 
[1, 2, 3, 7, 6, 5, 4, 8, 11, 9, 14, 12, 20, 16, 10, 17, 23, 13, 22, 15, 18, 19, 26, 24, 27, 21, 30, 25, 28, 31, 29, 32] 
[0, 2, 0, 1, 0, 0, 1, 0, 0, 0, 0, 0, 2, 0, 0, 0, 0, 0, 0, 0, 0, 0, 0, 0, 1, 0, 0, 1, 0, 0, 0, 0]
Project Length: 27
Non-renewable resources constrains met: True



==================================================


==================================================


==================================================

NEW INSTANCE: j3059_5
Run 1:

Best Solution so far: 
[1, 2, 3, 9, 10, 6, 5, 4, 12, 7, 16, 21, 14, 13, 11, 19, 17, 18, 27, 23, 20, 8, 24, 26, 22, 25, 31, 28, 29, 15, 30, 32] 
[1, 0, 0, 0, 0, 0, 0, 1, 0, 2, 1, 1, 0, 1, 2, 0, 0, 0, 2, 1, 0, 1, 1, 0, 0, 0, 1, 1, 0, 0, 0, 2]
Project Length: 28
Non-renewable resources constrains met: True



==================================================

Run 2:

Best Solution so far: 
[1, 3, 9, 4, 6, 10, 2, 16, 12, 13, 5, 7, 18, 21, 14, 19, 8, 17, 23, 22, 20, 24, 11, 26, 25, 15, 27, 28, 31, 30, 29, 32] 
[2, 0, 0, 0, 0, 0, 0, 0, 1, 1, 0, 0, 0, 0, 0, 0, 1, 0, 0, 0, 0, 0, 2, 0, 0, 1, 0, 1, 0, 0, 1, 1]
Project Length: 28
Non-renewable resources constrains met: True



==================================================

Run 3:

Best Solution so far: 
[1, 3, 2, 9, 10, 5, 6, 12, 13, 21, 14, 16, 11, 7, 4, 18, 19, 17, 8, 22, 20, 23, 15, 25, 26, 27, 24, 31, 29, 28, 30, 32] 
[2, 0, 1, 0, 0, 0, 0, 0, 1, 0, 2, 2, 2, 0, 1, 0, 0, 0, 0, 0, 0, 1, 1, 2, 0, 0, 0, 2, 1, 1, 0, 2]
Project Length: 28
Non-renewable resources constrains met: True



==================================================

Run 4:

Best Solution so far: 
[1, 2, 4, 3, 6, 9, 10, 11, 5, 16, 12, 21, 18, 14, 13, 7, 19, 22, 17, 8, 23, 20, 27, 15, 25, 26, 24, 28, 31, 29, 30, 32] 
[1, 0, 2, 0, 0, 0, 0, 0, 0, 1, 0, 1, 0, 2, 1, 0, 0, 0, 0, 0, 0, 0, 2, 2, 1, 0, 0, 0, 0, 1, 0, 0]
Project Length: 28
Non-renewable resources constrains met: True



==================================================

Run 5:

Best Solution so far: 
[1, 2, 3, 10, 9, 5, 12, 6, 13, 7, 18, 4, 11, 21, 14, 19, 8, 17, 22, 27, 23, 20, 16, 25, 26, 24, 31, 29, 15, 28, 30, 32] 
[2, 0, 0, 0, 0, 0, 0, 0, 0, 1, 0, 0, 0, 0, 0, 0, 0, 0, 0, 2, 1, 0, 0, 0, 0, 0, 0, 1, 0, 1, 0, 0]
Project Length: 28
Non-renewable resources constrains met: True



==================================================


==================================================


==================================================

NEW INSTANCE: j3060_1
Run 1:

Best Solution so far: 
[1, 4, 3, 7, 2, 14, 12, 6, 11, 18, 22, 20, 17, 13, 16, 8, 9, 5, 15, 24, 21, 10, 25, 23, 19, 28, 26, 30, 27, 31, 29, 32] 
[1, 0, 0, 0, 0, 0, 0, 0, 0, 0, 0, 0, 0, 2, 1, 1, 0, 1, 0, 0, 0, 1, 2, 1, 1, 0, 0, 0, 0, 0, 0, 2]
Project Length: 22
Non-renewable resources constrains met: True



==================================================

Run 2:

Best Solution so far: 
[1, 4, 3, 7, 12, 11, 2, 9, 5, 16, 20, 13, 14, 6, 17, 15, 18, 8, 22, 25, 19, 23, 21, 28, 10, 26, 24, 27, 30, 29, 31, 32] 
[0, 0, 0, 0, 0, 0, 0, 0, 0, 1, 0, 1, 0, 0, 0, 0, 0, 2, 0, 1, 0, 1, 2, 2, 0, 0, 1, 0, 0, 0, 0, 2]
Project Length: 22
Non-renewable resources constrains met: True



==================================================

Run 3:

Best Solution so far: 
[1, 4, 3, 2, 7, 12, 22, 11, 9, 14, 5, 6, 20, 18, 17, 8, 15, 13, 19, 23, 25, 16, 28, 21, 26, 27, 24, 10, 30, 29, 31, 32] 
[1, 0, 0, 0, 0, 0, 0, 1, 0, 0, 2, 0, 0, 0, 2, 2, 0, 0, 0, 1, 1, 1, 0, 0, 0, 0, 0, 0, 0, 0, 1, 0]
Project Length: 22
Non-renewable resources constrains met: True



==================================================

Run 4:

Best Solution so far: 
[1, 2, 3, 4, 11, 7, 20, 6, 5, 13, 12, 9, 8, 15, 22, 14, 18, 17, 28, 10, 25, 19, 16, 23, 21, 26, 24, 27, 31, 30, 29, 32] 
[0, 0, 0, 0, 0, 0, 0, 0, 1, 2, 0, 0, 0, 0, 0, 0, 0, 0, 0, 1, 1, 1, 1, 0, 2, 0, 1, 0, 0, 0, 0, 0]
Project Length: 22
Non-renewable resources constrains met: True



==================================================

Run 5:

Best Solution so far: 
[1, 4, 2, 3, 5, 7, 11, 20, 6, 14, 12, 22, 13, 9, 8, 17, 23, 15, 18, 16, 28, 25, 19, 10, 21, 26, 24, 30, 27, 29, 31, 32] 
[1, 0, 0, 0, 0, 0, 0, 0, 1, 2, 0, 0, 0, 0, 1, 0, 0, 0, 0, 0, 1, 0, 0, 0, 0, 0, 0, 0, 0, 0, 0, 1]
Project Length: 22
Non-renewable resources constrains met: True



==================================================


==================================================


==================================================

NEW INSTANCE: j3063_7
Run 1:

Best Solution so far: 
[1, 2, 3, 4, 5, 6, 11, 9, 16, 17, 15, 7, 12, 8, 14, 13, 22, 18, 27, 10, 20, 19, 25, 23, 21, 31, 28, 24, 26, 30, 29, 32] 
[2, 0, 0, 1, 0, 2, 0, 1, 0, 1, 0, 0, 0, 0, 0, 1, 0, 0, 1, 0, 0, 0, 0, 0, 0, 1, 0, 0, 0, 0, 0, 0]
Project Length: 27
Non-renewable resources constrains met: True



==================================================

Run 2:

Best Solution so far: 
[1, 2, 3, 4, 11, 16, 5, 7, 15, 9, 17, 22, 6, 8, 14, 27, 18, 10, 12, 13, 20, 25, 21, 19, 28, 23, 31, 24, 26, 30, 29, 32] 
[0, 0, 1, 1, 0, 1, 0, 0, 0, 1, 0, 0, 0, 0, 1, 0, 2, 0, 0, 0, 0, 1, 0, 0, 1, 0, 1, 0, 0, 0, 0, 1]
Project Length: 28
Non-renewable resources constrains met: True



==================================================

Run 3:

Best Solution so far: 
[1, 4, 2, 3, 6, 5, 16, 7, 15, 11, 9, 17, 8, 12, 14, 22, 27, 10, 13, 18, 20, 19, 25, 21, 28, 31, 26, 23, 24, 30, 29, 32] 
[2, 1, 0, 1, 1, 0, 0, 0, 1, 0, 0, 0, 0, 0, 0, 0, 0, 1, 0, 0, 0, 1, 0, 0, 0, 1, 0, 0, 0, 0, 0, 0]
Project Length: 28
Non-renewable resources constrains met: True



==================================================

Run 4:

Best Solution so far: 
[1, 2, 4, 3, 5, 11, 16, 9, 15, 6, 17, 7, 8, 12, 22, 10, 14, 20, 13, 27, 18, 21, 19, 25, 23, 31, 28, 24, 26, 30, 29, 32] 
[1, 0, 1, 1, 0, 0, 0, 0, 1, 2, 0, 0, 0, 1, 0, 0, 0, 0, 1, 0, 0, 0, 0, 0, 0, 1, 1, 0, 0, 0, 0, 1]
Project Length: 27
Non-renewable resources constrains met: True



==================================================

Run 5:

Best Solution so far: 
[1, 3, 4, 2, 5, 11, 9, 16, 15, 7, 12, 8, 6, 17, 10, 14, 13, 20, 27, 18, 22, 19, 21, 25, 23, 28, 26, 24, 30, 31, 29, 32] 
[2, 1, 0, 0, 0, 0, 0, 0, 0, 0, 0, 1, 1, 0, 0, 0, 1, 0, 2, 0, 0, 0, 0, 0, 0, 1, 0, 0, 0, 1, 0, 2]
Project Length: 27
Non-renewable resources constrains met: True



==================================================

