Chains: 2
Steps: 3
Neighbours Initial N: 1000
Neighbours Increase Coefficient: 1
Temperature Max: 100
Temperature Increase Coefficient: 0.5


==================================================


==================================================

NEW INSTANCE: j3060_1
Run 1:

Best Solution so far: 
[1, 3, 4, 2, 14, 11, 12, 7, 6, 9, 13, 20, 22, 17, 8, 16, 5, 18, 25, 15, 21, 24, 10, 23, 19, 28, 26, 30, 31, 27, 29, 32] 
[1, 0, 1, 1, 1, 1, 0, 1, 1, 0, 2, 1, 1, 1, 2, 0, 1, 0, 1, 1, 1, 0, 0, 0, 1, 1, 0, 0, 0, 0, 0, 2]
Project Length: 36
Non-renewable resources constrains met: True

14.17user 0.02system 0:12.35elapsed 114%CPU (0avgtext+0avgdata 26568maxresident)k
0inputs+0outputs (0major+3771minor)pagefaults 0swaps


==================================================

Run 2:

Best Solution so far: 
[1, 4, 3, 7, 5, 2, 11, 12, 20, 14, 6, 16, 18, 9, 22, 17, 8, 15, 10, 13, 19, 23, 25, 24, 28, 21, 26, 27, 30, 29, 31, 32] 
[0, 0, 1, 2, 0, 0, 2, 0, 0, 0, 1, 0, 2, 0, 0, 1, 0, 0, 0, 0, 1, 1, 1, 2, 0, 1, 0, 0, 1, 0, 1, 0]
Project Length: 34
Non-renewable resources constrains met: True

14.11user 0.02system 0:12.27elapsed 115%CPU (0avgtext+0avgdata 26732maxresident)k
0inputs+0outputs (0major+3801minor)pagefaults 0swaps


==================================================

Run 3:

Best Solution so far: 
[1, 3, 2, 12, 14, 4, 16, 6, 11, 7, 9, 5, 8, 20, 17, 22, 18, 15, 13, 19, 23, 28, 21, 10, 25, 26, 24, 30, 27, 29, 31, 32] 
[0, 0, 0, 1, 0, 0, 2, 1, 1, 1, 1, 1, 2, 1, 0, 2, 1, 1, 0, 1, 2, 1, 1, 2, 0, 0, 0, 0, 0, 0, 1, 1]
Project Length: 40
Non-renewable resources constrains met: True

13.94user 0.02system 0:12.07elapsed 115%CPU (0avgtext+0avgdata 26540maxresident)k
0inputs+0outputs (0major+3775minor)pagefaults 0swaps


==================================================

Run 4:

Best Solution so far: 
[1, 4, 3, 12, 14, 2, 7, 6, 11, 16, 9, 20, 5, 17, 18, 13, 22, 15, 25, 8, 19, 10, 28, 21, 23, 24, 26, 27, 29, 31, 30, 32] 
[1, 0, 0, 2, 2, 0, 0, 2, 2, 0, 0, 0, 1, 2, 1, 0, 1, 2, 0, 1, 0, 1, 0, 1, 1, 0, 0, 0, 0, 0, 0, 2]
Project Length: 36
Non-renewable resources constrains met: True

14.52user 0.02system 0:12.63elapsed 115%CPU (0avgtext+0avgdata 26708maxresident)k
0inputs+0outputs (0major+3776minor)pagefaults 0swaps


==================================================

Run 5:

Best Solution so far: 
[1, 3, 2, 4, 5, 12, 14, 7, 11, 6, 18, 20, 8, 25, 17, 9, 16, 13, 22, 15, 10, 28, 23, 24, 19, 30, 31, 21, 26, 27, 29, 32] 
[2, 0, 2, 0, 0, 0, 1, 2, 2, 0, 0, 2, 0, 0, 2, 2, 0, 2, 0, 0, 0, 2, 0, 2, 2, 2, 0, 1, 0, 0, 0, 0]
Project Length: 39
Non-renewable resources constrains met: True

14.24user 0.02system 0:12.42elapsed 114%CPU (0avgtext+0avgdata 26728maxresident)k
0inputs+0outputs (0major+3786minor)pagefaults 0swaps


==================================================

Run 6:

Best Solution so far: 
[1, 3, 2, 4, 14, 5, 6, 12, 11, 7, 9, 15, 17, 18, 13, 22, 25, 8, 24, 16, 28, 10, 20, 19, 23, 21, 26, 27, 30, 31, 29, 32] 
[2, 0, 0, 0, 2, 1, 1, 0, 1, 2, 0, 2, 0, 0, 2, 0, 2, 2, 1, 2, 0, 1, 1, 1, 0, 1, 0, 0, 0, 1, 0, 0]
Project Length: 35
Non-renewable resources constrains met: True

14.61user 0.02system 0:12.93elapsed 113%CPU (0avgtext+0avgdata 26352maxresident)k
0inputs+0outputs (0major+3777minor)pagefaults 0swaps


==================================================

Run 7:

Best Solution so far: 
[1, 2, 4, 11, 3, 7, 16, 14, 12, 22, 6, 8, 5, 18, 17, 9, 25, 13, 15, 20, 19, 24, 23, 10, 28, 26, 21, 30, 31, 27, 29, 32] 
[0, 0, 0, 2, 1, 0, 1, 2, 0, 1, 1, 1, 1, 2, 0, 1, 0, 0, 0, 0, 1, 1, 0, 2, 0, 0, 2, 2, 1, 0, 0, 1]
Project Length: 37
Non-renewable resources constrains met: True

14.86user 0.13system 0:13.09elapsed 114%CPU (0avgtext+0avgdata 26732maxresident)k
0inputs+0outputs (0major+3787minor)pagefaults 0swaps


==================================================

Run 8:

Best Solution so far: 
[1, 2, 4, 11, 6, 3, 14, 7, 12, 8, 22, 13, 20, 17, 9, 5, 18, 15, 23, 19, 21, 28, 25, 16, 26, 24, 27, 10, 30, 29, 31, 32] 
[2, 0, 1, 0, 2, 0, 1, 1, 1, 0, 1, 0, 0, 2, 1, 2, 1, 0, 2, 0, 1, 0, 0, 2, 0, 2, 0, 0, 0, 0, 1, 1]
Project Length: 40
Non-renewable resources constrains met: True

14.68user 0.02system 0:12.79elapsed 114%CPU (0avgtext+0avgdata 26856maxresident)k
0inputs+0outputs (0major+3773minor)pagefaults 0swaps


==================================================

Run 9:

Best Solution so far: 
[1, 3, 12, 4, 2, 7, 5, 11, 9, 14, 6, 13, 17, 16, 8, 22, 20, 18, 15, 21, 19, 28, 25, 24, 10, 23, 26, 27, 30, 29, 31, 32] 
[2, 1, 2, 0, 1, 0, 2, 0, 0, 1, 1, 1, 0, 0, 1, 1, 1, 2, 0, 1, 0, 2, 1, 2, 0, 0, 0, 0, 0, 0, 1, 1]
Project Length: 36
Non-renewable resources constrains met: True

14.99user 0.03system 0:13.14elapsed 114%CPU (0avgtext+0avgdata 26860maxresident)k
0inputs+0outputs (0major+3773minor)pagefaults 0swaps


==================================================

Run 10:

Best Solution so far: 
[1, 3, 4, 11, 12, 7, 14, 5, 2, 9, 18, 13, 6, 20, 22, 17, 15, 8, 19, 24, 10, 16, 25, 21, 28, 23, 26, 30, 31, 27, 29, 32] 
[1, 0, 0, 1, 1, 2, 2, 2, 1, 0, 0, 2, 0, 0, 2, 0, 0, 2, 1, 1, 2, 1, 0, 1, 1, 2, 0, 0, 0, 0, 0, 0]
Project Length: 36
Non-renewable resources constrains met: True

14.04user 0.02system 0:12.16elapsed 115%CPU (0avgtext+0avgdata 26728maxresident)k
0inputs+0outputs (0major+3777minor)pagefaults 0swaps


==================================================


==================================================


==================================================

NEW INSTANCE: J5090_1
Run 1:

Best Solution so far: 
[1, 2, 5, 6, 3, 4, 8, 13, 14, 16, 7, 9, 11, 12, 10, 22, 15, 17, 19, 26, 20, 21, 24, 18, 28, 23, 32, 27, 29, 33, 25, 30, 31, 36, 35, 37, 34, 41, 39, 40, 45, 42, 38, 44, 43, 49, 50, 46, 48, 47, 51, 52] 
[1, 1, 2, 0, 1, 0, 0, 0, 2, 0, 0, 0, 1, 0, 2, 1, 0, 2, 0, 1, 2, 1, 2, 0, 1, 2, 1, 0, 1, 2, 0, 0, 1, 0, 0, 0, 0, 1, 0, 2, 1, 0, 0, 0, 0, 2, 1, 2, 1, 0, 1, 1]
Project Length: 78
Non-renewable resources constrains met: True

32.63user 0.02system 0:30.80elapsed 106%CPU (0avgtext+0avgdata 26608maxresident)k
0inputs+0outputs (0major+3779minor)pagefaults 0swaps


==================================================

Run 2:

Best Solution so far: 
[1, 3, 7, 2, 5, 9, 6, 4, 8, 16, 11, 12, 21, 14, 13, 10, 15, 22, 20, 17, 19, 18, 24, 23, 32, 28, 26, 29, 25, 27, 38, 30, 34, 31, 33, 36, 37, 35, 39, 46, 41, 51, 44, 40, 42, 45, 43, 50, 49, 47, 48, 52] 
[2, 0, 2, 0, 1, 2, 1, 1, 0, 0, 0, 0, 0, 0, 1, 2, 1, 2, 1, 1, 0, 2, 1, 1, 0, 2, 0, 0, 0, 0, 2, 1, 1, 0, 2, 1, 2, 2, 0, 0, 0, 1, 0, 0, 0, 1, 0, 2, 1, 2, 1, 1]
Project Length: 73
Non-renewable resources constrains met: True

33.12user 0.01system 0:31.20elapsed 106%CPU (0avgtext+0avgdata 26604maxresident)k
0inputs+0outputs (0major+3784minor)pagefaults 0swaps


==================================================

Run 3:

Best Solution so far: 
[1, 5, 2, 4, 8, 6, 3, 11, 7, 10, 9, 12, 14, 13, 16, 20, 15, 21, 22, 19, 17, 18, 28, 26, 23, 24, 27, 32, 25, 31, 29, 33, 35, 30, 38, 37, 36, 39, 34, 44, 40, 42, 41, 43, 45, 49, 50, 51, 48, 46, 47, 52] 
[1, 2, 1, 0, 0, 2, 0, 0, 0, 2, 2, 0, 0, 2, 2, 1, 2, 0, 1, 2, 0, 0, 1, 1, 1, 1, 0, 0, 0, 0, 0, 0, 1, 0, 1, 0, 0, 0, 2, 0, 1, 1, 1, 0, 0, 0, 0, 1, 1, 1, 1, 1]
Project Length: 74
Non-renewable resources constrains met: True

32.78user 0.02system 0:30.90elapsed 106%CPU (0avgtext+0avgdata 26752maxresident)k
0inputs+0outputs (0major+3793minor)pagefaults 0swaps


==================================================

Run 4:

Best Solution so far: 
[1, 9, 5, 3, 4, 6, 2, 8, 11, 16, 10, 14, 7, 12, 19, 15, 20, 13, 17, 27, 21, 22, 24, 18, 23, 28, 26, 29, 25, 31, 33, 32, 36, 30, 37, 35, 34, 44, 39, 41, 40, 42, 38, 43, 45, 49, 50, 51, 46, 47, 48, 52] 
[0, 1, 0, 2, 1, 1, 2, 2, 1, 1, 1, 2, 2, 1, 0, 0, 0, 1, 0, 0, 0, 0, 2, 0, 0, 0, 2, 0, 0, 0, 2, 0, 0, 0, 2, 0, 2, 2, 1, 0, 0, 2, 2, 0, 0, 1, 1, 2, 0, 0, 1, 0]
Project Length: 81
Non-renewable resources constrains met: True

31.86user 0.02system 0:29.99elapsed 106%CPU (0avgtext+0avgdata 26664maxresident)k
0inputs+0outputs (0major+3780minor)pagefaults 0swaps


==================================================

Run 5:

Best Solution so far: 
[1, 9, 5, 6, 3, 2, 16, 4, 7, 11, 8, 21, 14, 12, 10, 13, 22, 19, 17, 15, 18, 26, 20, 23, 24, 32, 29, 28, 27, 30, 25, 33, 34, 38, 35, 36, 31, 37, 41, 39, 40, 42, 45, 51, 44, 49, 46, 43, 48, 47, 50, 52] 
[2, 2, 0, 0, 1, 0, 1, 0, 2, 2, 0, 2, 0, 0, 1, 1, 2, 1, 1, 0, 0, 2, 2, 1, 2, 1, 0, 1, 0, 1, 0, 1, 2, 2, 0, 0, 0, 0, 1, 0, 0, 0, 0, 0, 0, 2, 0, 0, 1, 0, 0, 0]
Project Length: 72
Non-renewable resources constrains met: True

32.13user 0.02system 0:30.86elapsed 104%CPU (0avgtext+0avgdata 26600maxresident)k
0inputs+0outputs (0major+3776minor)pagefaults 0swaps


==================================================

Run 6:

Best Solution so far: 
[1, 5, 4, 8, 3, 2, 7, 6, 13, 9, 14, 16, 11, 10, 12, 17, 22, 19, 15, 26, 21, 20, 18, 27, 25, 24, 32, 28, 23, 29, 33, 34, 40, 36, 30, 38, 35, 31, 41, 46, 37, 44, 39, 45, 51, 42, 50, 43, 49, 48, 47, 52] 
[1, 0, 0, 2, 0, 0, 2, 0, 0, 0, 0, 0, 1, 0, 0, 0, 1, 0, 0, 1, 2, 2, 1, 1, 2, 1, 0, 0, 1, 0, 1, 0, 2, 1, 1, 1, 1, 2, 0, 1, 0, 2, 0, 2, 0, 2, 2, 0, 2, 1, 0, 2]
Project Length: 77
Non-renewable resources constrains met: True

31.26user 0.02system 0:29.34elapsed 106%CPU (0avgtext+0avgdata 26620maxresident)k
0inputs+0outputs (0major+3796minor)pagefaults 0swaps


==================================================

Run 7:

Best Solution so far: 
[1, 2, 3, 6, 4, 9, 5, 11, 8, 7, 12, 16, 10, 21, 13, 14, 15, 17, 23, 18, 20, 19, 22, 26, 24, 32, 25, 28, 27, 29, 34, 30, 31, 33, 36, 37, 35, 38, 44, 40, 41, 39, 45, 42, 46, 43, 49, 50, 47, 51, 48, 52] 
[1, 2, 2, 2, 0, 1, 2, 1, 1, 1, 0, 0, 2, 0, 1, 0, 1, 0, 2, 0, 0, 0, 0, 0, 2, 0, 0, 1, 0, 1, 0, 0, 0, 1, 0, 1, 0, 0, 0, 0, 2, 0, 2, 1, 1, 0, 2, 2, 1, 2, 0, 2]
Project Length: 78
Non-renewable resources constrains met: True

32.25user 0.02system 0:30.33elapsed 106%CPU (0avgtext+0avgdata 26856maxresident)k
0inputs+0outputs (0major+3781minor)pagefaults 0swaps


==================================================

Run 8:

Best Solution so far: 
[1, 3, 6, 4, 7, 2, 5, 8, 9, 11, 16, 12, 21, 10, 14, 19, 20, 17, 13, 22, 15, 27, 18, 23, 25, 26, 24, 29, 28, 32, 33, 30, 31, 34, 35, 37, 39, 36, 44, 40, 42, 38, 41, 51, 49, 43, 46, 45, 47, 48, 50, 52] 
[0, 0, 0, 0, 0, 0, 0, 1, 2, 1, 1, 1, 0, 0, 1, 0, 0, 1, 0, 1, 0, 2, 2, 1, 0, 2, 1, 0, 1, 0, 1, 0, 2, 2, 0, 1, 0, 1, 2, 0, 1, 1, 0, 0, 1, 0, 0, 0, 0, 1, 0, 0]
Project Length: 75
Non-renewable resources constrains met: True

32.79user 0.02system 0:31.02elapsed 105%CPU (0avgtext+0avgdata 26748maxresident)k
0inputs+0outputs (0major+3789minor)pagefaults 0swaps


==================================================

Run 9:

Best Solution so far: 
[1, 3, 5, 4, 8, 2, 16, 7, 11, 6, 13, 9, 21, 14, 12, 10, 15, 20, 23, 22, 26, 17, 19, 18, 24, 27, 28, 25, 32, 29, 30, 35, 34, 31, 37, 33, 39, 38, 36, 40, 51, 44, 46, 41, 49, 42, 45, 50, 43, 48, 47, 52] 
[1, 2, 1, 0, 0, 0, 0, 2, 0, 2, 1, 2, 0, 1, 0, 2, 1, 2, 0, 1, 0, 1, 1, 1, 0, 1, 2, 2, 1, 1, 0, 0, 2, 0, 2, 2, 0, 0, 0, 0, 0, 0, 2, 1, 1, 0, 1, 1, 0, 0, 0, 2]
Project Length: 78
Non-renewable resources constrains met: True

32.83user 0.01system 0:30.98elapsed 106%CPU (0avgtext+0avgdata 26488maxresident)k
0inputs+0outputs (0major+3782minor)pagefaults 0swaps


==================================================

Run 10:

Best Solution so far: 
[1, 5, 6, 3, 2, 4, 8, 10, 11, 7, 9, 16, 20, 14, 12, 13, 17, 21, 15, 19, 18, 26, 24, 28, 22, 23, 27, 29, 32, 25, 31, 30, 35, 33, 36, 38, 34, 37, 39, 46, 44, 41, 40, 42, 51, 49, 45, 43, 48, 47, 50, 52] 
[2, 1, 2, 0, 1, 0, 1, 1, 1, 1, 2, 0, 1, 2, 1, 2, 1, 1, 0, 0, 2, 2, 0, 1, 0, 1, 1, 1, 1, 0, 2, 2, 1, 1, 0, 0, 0, 0, 0, 1, 2, 2, 1, 2, 1, 2, 0, 2, 0, 1, 0, 1]
Project Length: 77
Non-renewable resources constrains met: True

33.64user 0.02system 0:31.85elapsed 105%CPU (0avgtext+0avgdata 26648maxresident)k
0inputs+0outputs (0major+3778minor)pagefaults 0swaps


==================================================


==================================================


==================================================

NEW INSTANCE: J10078_4
Run 1:

Best Solution so far: 
[1, 4, 6, 2, 7, 12, 8, 3, 13, 19, 9, 16, 5, 15, 10, 11, 22, 14, 21, 17, 18, 20, 24, 26, 39, 29, 23, 34, 28, 30, 37, 25, 32, 27, 36, 45, 35, 33, 44, 31, 40, 42, 38, 47, 46, 41, 51, 50, 48, 49, 43, 55, 59, 52, 54, 57, 56, 60, 77, 66, 58, 68, 53, 62, 65, 61, 72, 64, 67, 73, 71, 63, 78, 70, 83, 69, 74, 79, 75, 81, 84, 76, 93, 80, 86, 90, 87, 88, 92, 85, 82, 98, 94, 100, 91, 97, 89, 96, 101, 99, 95, 102] 
[1, 2, 0, 0, 1, 2, 2, 0, 1, 1, 0, 2, 1, 0, 0, 1, 0, 0, 0, 1, 0, 2, 0, 1, 1, 2, 1, 1, 1, 2, 0, 2, 1, 1, 0, 0, 0, 1, 0, 0, 0, 2, 0, 1, 2, 2, 1, 0, 0, 0, 1, 1, 0, 2, 1, 1, 1, 1, 0, 2, 2, 1, 0, 1, 1, 1, 2, 2, 1, 0, 1, 0, 1, 1, 2, 0, 0, 1, 0, 1, 0, 1, 1, 2, 2, 1, 0, 0, 2, 0, 0, 0, 1, 1, 0, 1, 0, 0, 1, 2, 0, 2]
Project Length: 128
Non-renewable resources constrains met: True

115.50user 0.02system 1:53.58elapsed 101%CPU (0avgtext+0avgdata 26828maxresident)k
0inputs+0outputs (0major+3806minor)pagefaults 0swaps


==================================================

Run 2:

Best Solution so far: 
[1, 2, 9, 8, 4, 3, 12, 14, 5, 7, 6, 10, 26, 15, 21, 11, 13, 22, 18, 17, 16, 24, 19, 20, 30, 34, 23, 28, 37, 39, 27, 32, 29, 25, 31, 36, 40, 33, 42, 35, 44, 47, 41, 45, 38, 57, 46, 59, 51, 43, 49, 54, 50, 53, 48, 60, 52, 66, 58, 56, 55, 64, 72, 62, 63, 61, 65, 75, 68, 77, 70, 67, 74, 69, 83, 73, 84, 93, 78, 71, 76, 91, 85, 88, 94, 81, 82, 79, 92, 100, 90, 80, 99, 86, 89, 87, 96, 98, 97, 95, 101, 102] 
[2, 1, 2, 1, 1, 2, 0, 2, 1, 2, 0, 2, 1, 2, 1, 2, 0, 1, 2, 0, 2, 1, 0, 2, 0, 1, 0, 0, 1, 0, 1, 1, 2, 1, 2, 2, 0, 0, 0, 2, 2, 0, 1, 0, 1, 0, 0, 2, 2, 1, 2, 0, 0, 1, 1, 2, 2, 2, 2, 1, 0, 0, 1, 1, 0, 0, 0, 1, 1, 2, 1, 2, 2, 1, 0, 0, 2, 1, 0, 0, 0, 0, 2, 1, 1, 1, 2, 0, 1, 1, 1, 0, 1, 0, 0, 1, 0, 2, 0, 2, 1, 1]
Project Length: 128
Non-renewable resources constrains met: True

113.88user 0.03system 1:52.08elapsed 101%CPU (0avgtext+0avgdata 26540maxresident)k
0inputs+0outputs (0major+3804minor)pagefaults 0swaps


==================================================

Run 3:

Best Solution so far: 
[1, 3, 2, 8, 12, 6, 15, 5, 4, 14, 11, 7, 10, 9, 21, 13, 16, 22, 17, 19, 24, 23, 30, 25, 28, 26, 18, 20, 34, 33, 27, 29, 31, 32, 36, 37, 38, 35, 46, 42, 39, 41, 50, 40, 43, 53, 49, 47, 45, 48, 44, 57, 59, 51, 65, 52, 63, 60, 55, 64, 56, 54, 58, 66, 73, 68, 61, 62, 67, 75, 69, 72, 71, 76, 74, 77, 84, 83, 78, 70, 79, 85, 88, 94, 80, 86, 87, 92, 90, 98, 81, 89, 101, 100, 82, 97, 99, 91, 93, 95, 96, 102] 
[0, 1, 0, 2, 2, 0, 0, 1, 0, 1, 0, 0, 0, 1, 0, 1, 1, 0, 0, 2, 1, 1, 2, 1, 1, 1, 0, 1, 0, 1, 1, 0, 1, 0, 2, 0, 2, 0, 0, 1, 0, 0, 1, 1, 2, 1, 1, 0, 0, 1, 1, 2, 1, 2, 2, 2, 1, 0, 2, 1, 2, 0, 2, 0, 0, 1, 2, 0, 2, 0, 0, 1, 0, 1, 1, 0, 1, 1, 1, 2, 2, 0, 2, 1, 0, 1, 1, 1, 2, 2, 0, 0, 1, 0, 0, 2, 2, 1, 0, 1, 0, 0]
Project Length: 127
Non-renewable resources constrains met: True

115.54user 0.02system 1:53.67elapsed 101%CPU (0avgtext+0avgdata 26856maxresident)k
0inputs+0outputs (0major+3808minor)pagefaults 0swaps


==================================================

Run 4:

Best Solution so far: 
[1, 4, 5, 2, 3, 10, 6, 7, 14, 8, 15, 13, 24, 17, 9, 16, 23, 12, 19, 21, 22, 11, 26, 30, 28, 18, 20, 29, 32, 27, 25, 31, 40, 33, 42, 37, 34, 38, 44, 36, 39, 41, 45, 46, 35, 47, 43, 48, 49, 51, 50, 57, 55, 60, 52, 56, 53, 66, 54, 58, 72, 64, 67, 62, 68, 65, 61, 59, 69, 63, 73, 74, 76, 71, 70, 75, 83, 94, 78, 81, 88, 85, 79, 87, 84, 90, 101, 77, 82, 80, 97, 92, 86, 89, 91, 93, 96, 99, 95, 98, 100, 102] 
[2, 0, 2, 1, 1, 2, 2, 1, 0, 2, 2, 2, 2, 0, 0, 0, 2, 1, 0, 1, 2, 0, 0, 1, 0, 1, 1, 0, 1, 0, 2, 2, 0, 0, 0, 1, 2, 0, 2, 2, 1, 2, 2, 0, 0, 2, 0, 1, 1, 0, 2, 1, 0, 1, 2, 0, 0, 2, 0, 2, 2, 0, 0, 2, 2, 2, 2, 0, 1, 1, 1, 1, 2, 1, 0, 1, 1, 1, 2, 0, 1, 1, 2, 2, 0, 0, 1, 1, 0, 0, 0, 0, 1, 1, 1, 1, 2, 2, 1, 0, 1, 2]
Project Length: 123
Non-renewable resources constrains met: True

115.64user 0.02system 1:53.87elapsed 101%CPU (0avgtext+0avgdata 26856maxresident)k
0inputs+0outputs (0major+3815minor)pagefaults 0swaps


==================================================

Run 5:

Best Solution so far: 
[1, 4, 13, 5, 6, 2, 14, 8, 7, 3, 11, 10, 24, 12, 17, 9, 18, 15, 23, 25, 20, 22, 16, 30, 21, 26, 19, 28, 40, 32, 29, 37, 34, 27, 42, 33, 35, 45, 31, 44, 36, 46, 38, 39, 41, 50, 52, 43, 49, 51, 47, 48, 58, 54, 53, 57, 66, 64, 55, 60, 56, 67, 61, 65, 69, 72, 62, 59, 63, 68, 75, 76, 73, 83, 70, 71, 81, 78, 86, 74, 77, 80, 92, 84, 88, 82, 94, 85, 101, 87, 93, 91, 97, 79, 89, 100, 90, 99, 96, 98, 95, 102] 
[0, 0, 1, 1, 2, 2, 2, 2, 2, 2, 0, 0, 1, 0, 1, 2, 1, 2, 2, 0, 0, 0, 1, 0, 0, 0, 0, 0, 0, 1, 0, 1, 1, 0, 1, 1, 0, 2, 1, 2, 2, 2, 0, 0, 0, 0, 1, 1, 2, 1, 1, 1, 1, 2, 2, 1, 1, 2, 0, 2, 2, 2, 2, 2, 0, 0, 2, 0, 0, 1, 1, 1, 0, 2, 2, 0, 0, 1, 0, 0, 2, 1, 2, 2, 1, 2, 0, 1, 2, 1, 0, 0, 1, 2, 0, 1, 0, 1, 0, 1, 2, 0]
Project Length: 121
Non-renewable resources constrains met: True

115.95user 0.05system 1:54.06elapsed 101%CPU (0avgtext+0avgdata 26856maxresident)k
0inputs+0outputs (0major+3802minor)pagefaults 0swaps


==================================================

Run 6:

Best Solution so far: 
[1, 3, 4, 7, 10, 2, 6, 8, 5, 12, 26, 11, 14, 17, 24, 13, 16, 9, 28, 15, 20, 18, 22, 21, 19, 25, 23, 27, 29, 30, 31, 33, 32, 40, 34, 36, 45, 42, 46, 35, 38, 39, 37, 47, 50, 51, 41, 43, 44, 49, 59, 48, 56, 57, 52, 55, 60, 54, 68, 58, 73, 64, 53, 63, 62, 66, 69, 61, 67, 71, 70, 72, 65, 77, 76, 74, 75, 92, 79, 78, 86, 90, 87, 85, 91, 80, 81, 83, 88, 84, 89, 82, 94, 100, 93, 97, 95, 101, 98, 99, 96, 102] 
[1, 0, 1, 1, 1, 0, 1, 0, 0, 0, 2, 2, 0, 0, 1, 1, 2, 0, 1, 0, 1, 0, 0, 1, 1, 2, 0, 0, 2, 0, 2, 2, 2, 2, 1, 0, 0, 2, 1, 0, 1, 2, 1, 0, 1, 0, 0, 0, 0, 2, 0, 2, 0, 1, 0, 0, 0, 0, 1, 2, 2, 0, 0, 0, 1, 0, 2, 2, 2, 0, 2, 0, 0, 0, 1, 1, 1, 2, 1, 2, 1, 1, 1, 0, 1, 0, 2, 2, 1, 2, 1, 1, 0, 2, 0, 1, 1, 2, 2, 1, 1, 0]
Project Length: 127
Non-renewable resources constrains met: True

114.23user 0.13system 1:52.49elapsed 101%CPU (0avgtext+0avgdata 26696maxresident)k
0inputs+0outputs (0major+3808minor)pagefaults 0swaps


==================================================

Run 7:

Best Solution so far: 
[1, 6, 4, 3, 2, 7, 8, 15, 5, 14, 22, 9, 11, 13, 23, 16, 10, 21, 17, 18, 24, 12, 30, 25, 28, 20, 34, 19, 44, 37, 29, 27, 31, 39, 26, 32, 33, 45, 40, 35, 38, 42, 36, 47, 46, 51, 49, 41, 43, 52, 57, 50, 48, 64, 53, 59, 60, 66, 56, 62, 54, 55, 58, 65, 61, 67, 68, 75, 83, 74, 63, 70, 72, 69, 71, 81, 73, 88, 78, 77, 76, 79, 85, 82, 101, 92, 84, 93, 94, 87, 80, 91, 90, 98, 99, 89, 86, 100, 97, 95, 96, 102] 
[1, 0, 2, 2, 2, 0, 0, 1, 0, 0, 2, 1, 2, 1, 0, 0, 1, 1, 0, 2, 1, 2, 2, 2, 0, 0, 2, 0, 1, 1, 1, 2, 1, 0, 2, 1, 0, 2, 1, 0, 0, 1, 0, 0, 2, 2, 1, 0, 0, 2, 1, 0, 0, 2, 1, 2, 0, 2, 2, 0, 0, 0, 0, 1, 1, 1, 2, 0, 0, 1, 2, 1, 0, 2, 1, 0, 1, 1, 0, 0, 0, 0, 2, 0, 0, 0, 0, 1, 2, 1, 1, 2, 2, 1, 0, 0, 0, 2, 1, 1, 0, 1]
Project Length: 124
Non-renewable resources constrains met: True

114.61user 0.04system 1:52.75elapsed 101%CPU (0avgtext+0avgdata 26728maxresident)k
0inputs+0outputs (0major+3805minor)pagefaults 0swaps


==================================================

Run 8:

Best Solution so far: 
[1, 3, 4, 7, 13, 2, 15, 14, 9, 12, 8, 10, 5, 17, 16, 6, 11, 23, 19, 21, 32, 20, 25, 22, 39, 26, 24, 30, 27, 18, 28, 33, 34, 35, 40, 31, 29, 37, 45, 36, 41, 42, 38, 49, 44, 47, 51, 57, 46, 43, 52, 50, 56, 48, 58, 59, 55, 72, 60, 54, 61, 53, 73, 65, 68, 66, 75, 63, 64, 69, 67, 62, 70, 78, 71, 76, 74, 92, 87, 88, 83, 85, 77, 80, 81, 93, 91, 84, 82, 79, 100, 94, 89, 86, 101, 99, 90, 97, 95, 96, 98, 102] 
[1, 2, 0, 0, 0, 2, 0, 1, 1, 2, 2, 2, 0, 1, 0, 1, 1, 1, 1, 0, 1, 1, 0, 0, 0, 0, 0, 0, 2, 0, 2, 0, 0, 1, 1, 0, 1, 0, 2, 0, 1, 1, 0, 1, 0, 0, 2, 1, 1, 0, 1, 1, 1, 0, 2, 2, 1, 1, 2, 1, 1, 1, 1, 0, 1, 2, 1, 0, 0, 0, 0, 0, 2, 1, 1, 1, 0, 2, 1, 2, 0, 0, 1, 0, 0, 1, 0, 1, 2, 0, 1, 2, 0, 0, 0, 1, 1, 2, 1, 0, 0, 0]
Project Length: 123
Non-renewable resources constrains met: True

115.75user 0.02system 1:53.95elapsed 101%CPU (0avgtext+0avgdata 26856maxresident)k
0inputs+0outputs (0major+3809minor)pagefaults 0swaps


==================================================

Run 9:

Best Solution so far: 
[1, 2, 4, 3, 8, 14, 9, 16, 5, 6, 13, 15, 11, 10, 7, 12, 21, 22, 23, 24, 26, 17, 19, 18, 20, 34, 29, 28, 39, 30, 25, 27, 33, 40, 36, 31, 44, 37, 45, 32, 35, 38, 47, 50, 43, 46, 42, 51, 49, 60, 57, 41, 59, 56, 48, 66, 53, 55, 54, 62, 52, 72, 58, 65, 67, 68, 64, 73, 61, 69, 75, 63, 71, 74, 70, 77, 80, 81, 88, 93, 79, 82, 76, 94, 92, 83, 78, 85, 101, 86, 99, 87, 84, 97, 98, 89, 91, 100, 90, 96, 95, 102] 
[2, 1, 2, 1, 0, 2, 0, 0, 0, 1, 2, 0, 2, 0, 1, 0, 0, 0, 2, 1, 0, 1, 1, 1, 1, 1, 1, 2, 0, 0, 0, 0, 1, 0, 1, 1, 1, 2, 1, 1, 1, 0, 1, 1, 0, 0, 0, 0, 1, 0, 2, 2, 1, 1, 0, 0, 0, 2, 2, 2, 0, 1, 0, 0, 0, 0, 0, 2, 2, 1, 0, 2, 2, 2, 1, 1, 1, 2, 0, 2, 0, 0, 1, 0, 2, 1, 0, 1, 2, 1, 0, 0, 1, 1, 2, 1, 1, 1, 2, 0, 0, 2]
Project Length: 123
Non-renewable resources constrains met: True

114.34user 0.02system 1:52.45elapsed 101%CPU (0avgtext+0avgdata 26856maxresident)k
0inputs+0outputs (0major+3800minor)pagefaults 0swaps


==================================================

Run 10:

Best Solution so far: 
[1, 2, 9, 3, 8, 4, 12, 10, 6, 16, 14, 7, 5, 11, 19, 21, 13, 22, 17, 15, 18, 26, 24, 30, 23, 20, 40, 25, 32, 29, 28, 37, 27, 45, 33, 36, 31, 34, 39, 44, 41, 46, 38, 42, 35, 47, 51, 57, 60, 49, 50, 52, 48, 43, 66, 53, 54, 55, 59, 56, 61, 68, 65, 67, 64, 72, 62, 63, 58, 73, 69, 71, 74, 75, 84, 70, 85, 82, 77, 76, 83, 94, 79, 86, 93, 88, 81, 80, 91, 78, 89, 99, 92, 87, 90, 100, 95, 101, 97, 96, 98, 102] 
[0, 0, 0, 1, 0, 2, 2, 2, 1, 0, 0, 0, 0, 0, 2, 1, 2, 1, 1, 2, 1, 1, 2, 2, 1, 0, 1, 0, 1, 2, 1, 0, 2, 1, 2, 0, 1, 0, 2, 0, 0, 2, 1, 1, 0, 1, 1, 2, 1, 2, 0, 0, 1, 0, 2, 2, 0, 0, 1, 1, 0, 2, 0, 2, 0, 1, 0, 1, 1, 0, 2, 0, 1, 1, 0, 1, 0, 2, 1, 2, 1, 2, 1, 0, 0, 0, 0, 0, 1, 0, 0, 2, 0, 0, 0, 1, 0, 2, 0, 1, 2, 0]
Project Length: 125
Non-renewable resources constrains met: True

118.44user 0.02system 1:56.52elapsed 101%CPU (0avgtext+0avgdata 26864maxresident)k
0inputs+0outputs (0major+3801minor)pagefaults 0swaps


==================================================

