Chains: 2
Steps: 5
Neighbours Initial N: 1000
Neighbours Increase Coefficient: 1
Temperature Max: 100
Temperature Increase Coefficient: 0.25


==================================================


==================================================

NEW INSTANCE: j3011_9
Run 1:

[(1, 2, 0, 0), (2, 0, 0, 2), (3, 2, 0, 3), (6, 0, 2, 8), (11, 1, 8, 16), (4, 0, 8, 9), (14, 0, 8, 10), (7, 0, 8, 10), (12, 0, 8, 10), (8, 0, 10, 11), (19, 0, 16, 17), (15, 0, 16, 18), (10, 1, 16, 22), (22, 0, 16, 17), (5, 2, 16, 18), (13, 1, 16, 25), (26, 2, 16, 22), (9, 2, 16, 26), (20, 2, 16, 19), (21, 1, 17, 23), (17, 2, 22, 32), (27, 0, 23, 25), (25, 1, 23, 26), (16, 2, 26, 35), (18, 2, 26, 36), (24, 0, 26, 31), (28, 1, 31, 37), (23, 1, 36, 43), (29, 2, 37, 47), (30, 0, 43, 45), (31, 2, 43, 47), (32, 2, 47, 47)]
1  
2  --
3  ---
6    ------
11         --------
4          -
14         --
7          --
12         --
8            -
19                 -
15                 --
10                 ------
22                 -
5                  --
13                 ---------
26                 ------
9                  ----------
20                 ---
21                  ------
17                       ----------
27                        --
25                        ---
16                           ---------
18                           ----------
24                           -----
28                                ------
23                                     -------
29                                      ----------
30                                            --
31                                            ----
32                                                

Best Solution so far: 
[1, 2, 3, 6, 11, 4, 14, 7, 12, 8, 19, 15, 10, 22, 5, 13, 26, 9, 20, 21, 17, 27, 25, 16, 18, 24, 28, 23, 29, 30, 31, 32] 
[2, 0, 2, 0, 1, 0, 0, 0, 0, 0, 0, 0, 1, 0, 2, 1, 2, 2, 2, 1, 2, 0, 1, 2, 2, 0, 1, 1, 2, 0, 2, 2]
Project Length: 47
Non-renewable resources constrains met: True



==================================================

Run 2:

[(1, 1, 0, 0), (2, 0, 0, 2), (6, 0, 2, 8), (4, 0, 2, 3), (12, 2, 2, 12), (3, 0, 2, 4), (9, 1, 8, 13), (5, 2, 8, 10), (14, 2, 8, 17), (7, 2, 8, 16), (11, 2, 8, 18), (13, 0, 12, 19), (8, 0, 16, 17), (19, 0, 18, 19), (20, 1, 18, 20), (18, 0, 19, 23), (22, 1, 19, 24), (26, 2, 19, 25), (16, 1, 19, 25), (23, 2, 25, 34), (10, 1, 25, 31), (15, 0, 25, 27), (25, 2, 25, 35), (21, 1, 25, 31), (24, 1, 27, 33), (17, 0, 31, 33), (27, 1, 31, 34), (28, 0, 35, 36), (29, 1, 36, 44), (31, 2, 36, 40), (30, 0, 36, 38), (32, 0, 44, 44)]
1  
2  --
6    ------
4    -
12   ----------
3    --
9          -----
5          --
14         ---------
7          --------
11         ----------
13             -------
8                  -
19                   -
20                   --
18                    ----
22                    -----
26                    ------
16                    ------
23                          ---------
10                          ------
15                          --
25                          ----------
21                          ------
24                            ------
17                                --
27                                ---
28                                    -
29                                     --------
31                                     ----
30                                     --
32                                             

Best Solution so far: 
[1, 2, 6, 4, 12, 3, 9, 5, 14, 7, 11, 13, 8, 19, 20, 18, 22, 26, 16, 23, 10, 15, 25, 21, 24, 17, 27, 28, 29, 31, 30, 32] 
[1, 0, 0, 0, 2, 0, 1, 2, 2, 2, 2, 0, 0, 0, 1, 0, 1, 2, 1, 2, 1, 0, 2, 1, 1, 0, 1, 0, 1, 2, 0, 0]
Project Length: 44
Non-renewable resources constrains met: True



==================================================

Run 3:

[(1, 1, 0, 0), (3, 0, 0, 2), (4, 0, 0, 1), (2, 0, 0, 2), (12, 1, 2, 8), (6, 1, 2, 9), (13, 2, 8, 17), (14, 2, 8, 17), (5, 2, 8, 10), (15, 2, 8, 16), (9, 2, 9, 19), (7, 0, 9, 11), (8, 0, 11, 12), (11, 0, 11, 14), (19, 1, 14, 17), (22, 1, 17, 22), (21, 0, 17, 21), (18, 0, 17, 21), (20, 1, 17, 19), (16, 2, 19, 28), (24, 1, 19, 25), (10, 2, 19, 28), (25, 2, 22, 32), (26, 2, 22, 28), (27, 1, 28, 31), (23, 0, 28, 30), (30, 1, 30, 38), (28, 0, 32, 33), (17, 0, 32, 34), (29, 1, 33, 41), (31, 1, 34, 37), (32, 1, 41, 41)]
1  
3  --
4  -
2  --
12   ------
6    -------
13         ---------
14         ---------
5          --
15         --------
9           ----------
7           --
8             -
11            ---
19               ---
22                  -----
21                  ----
18                  ----
20                  --
16                    ---------
24                    ------
10                    ---------
25                       ----------
26                       ------
27                             ---
23                             --
30                               --------
28                                 -
17                                 --
29                                  --------
31                                   ---
32                                          

Best Solution so far: 
[1, 3, 4, 2, 12, 6, 13, 14, 5, 15, 9, 7, 8, 11, 19, 22, 21, 18, 20, 16, 24, 10, 25, 26, 27, 23, 30, 28, 17, 29, 31, 32] 
[1, 0, 0, 0, 1, 1, 2, 2, 2, 2, 2, 0, 0, 0, 1, 1, 0, 0, 1, 2, 1, 2, 2, 2, 1, 0, 1, 0, 0, 1, 1, 1]
Project Length: 41
Non-renewable resources constrains met: True



==================================================

Run 4:

[(1, 0, 0, 0), (2, 0, 0, 2), (3, 0, 0, 2), (12, 1, 2, 8), (6, 0, 2, 8), (11, 0, 8, 11), (7, 0, 8, 10), (9, 2, 8, 18), (13, 0, 8, 15), (14, 2, 8, 17), (8, 2, 10, 18), (19, 0, 11, 12), (4, 2, 11, 16), (20, 2, 18, 21), (10, 2, 18, 27), (26, 0, 18, 19), (5, 0, 18, 19), (22, 1, 18, 23), (21, 1, 18, 24), (15, 2, 18, 26), (16, 1, 19, 25), (27, 0, 24, 26), (18, 0, 24, 28), (17, 0, 27, 29), (23, 0, 28, 30), (25, 0, 28, 30), (24, 0, 28, 33), (28, 0, 33, 34), (29, 0, 34, 41), (30, 0, 34, 36), (31, 2, 34, 38), (32, 2, 41, 41)]
1  
2  --
3  --
12   ------
6    ------
11         ---
7          --
9          ----------
13         -------
14         ---------
8            --------
19            -
4             -----
20                   ---
10                   ---------
26                   -
5                    -
22                   -----
21                   ------
15                   --------
16                    ------
27                         --
18                         ----
17                            --
23                             --
25                             --
24                             -----
28                                  -
29                                   -------
30                                   --
31                                   ----
32                                          

Best Solution so far: 
[1, 2, 3, 12, 6, 11, 7, 9, 13, 14, 8, 19, 4, 20, 10, 26, 5, 22, 21, 15, 16, 27, 18, 17, 23, 25, 24, 28, 29, 30, 31, 32] 
[0, 0, 0, 1, 0, 0, 0, 2, 0, 2, 2, 0, 2, 2, 2, 0, 0, 1, 1, 2, 1, 0, 0, 0, 0, 0, 0, 0, 0, 0, 2, 2]
Project Length: 41
Non-renewable resources constrains met: True



==================================================

Run 5:

[(1, 2, 0, 0), (2, 1, 0, 4), (3, 2, 0, 3), (14, 2, 3, 12), (6, 0, 4, 10), (11, 0, 10, 13), (5, 1, 10, 11), (12, 0, 10, 12), (15, 0, 10, 12), (7, 0, 10, 12), (19, 1, 13, 16), (8, 0, 13, 14), (9, 2, 13, 23), (22, 0, 14, 15), (13, 0, 14, 21), (26, 1, 14, 16), (24, 1, 21, 27), (25, 1, 21, 24), (10, 0, 21, 24), (21, 0, 21, 25), (27, 1, 25, 28), (17, 0, 25, 27), (31, 1, 27, 30), (4, 1, 27, 30), (18, 2, 27, 37), (16, 1, 27, 33), (28, 0, 28, 29), (20, 1, 28, 30), (29, 1, 30, 38), (23, 0, 37, 39), (30, 0, 39, 41), (32, 2, 41, 41)]
1  
2  ----
3  ---
14    ---------
6      ------
11           ---
5            -
12           --
15           --
7            --
19              ---
8               -
9               ----------
22               -
13               -------
26               --
24                      ------
25                      ---
10                      ---
21                      ----
27                          ---
17                          --
31                            ---
4                             ---
18                            ----------
16                            ------
28                             -
20                             --
29                               --------
23                                      --
30                                        --
32                                          

Best Solution so far: 
[1, 2, 3, 14, 6, 11, 5, 12, 15, 7, 19, 8, 9, 22, 13, 26, 24, 25, 10, 21, 27, 17, 31, 4, 18, 16, 28, 20, 29, 23, 30, 32] 
[2, 1, 2, 2, 0, 0, 1, 0, 0, 0, 1, 0, 2, 0, 0, 1, 1, 1, 0, 0, 1, 0, 1, 1, 2, 1, 0, 1, 1, 0, 0, 2]
Project Length: 41
Non-renewable resources constrains met: True



==================================================

Run 6:

[(1, 1, 0, 0), (2, 1, 0, 4), (3, 2, 0, 3), (14, 2, 3, 12), (6, 0, 4, 10), (11, 0, 10, 13), (7, 0, 10, 12), (8, 1, 12, 15), (12, 0, 12, 14), (13, 1, 14, 23), (22, 1, 15, 20), (19, 1, 15, 18), (9, 0, 15, 17), (4, 0, 15, 16), (20, 2, 15, 18), (10, 0, 15, 18), (17, 2, 18, 28), (5, 0, 18, 19), (21, 1, 18, 24), (15, 0, 18, 20), (26, 0, 18, 19), (25, 0, 20, 22), (18, 0, 23, 27), (24, 1, 23, 29), (27, 1, 24, 27), (16, 1, 24, 30), (28, 0, 29, 30), (23, 0, 30, 32), (29, 0, 30, 37), (30, 0, 32, 34), (31, 1, 32, 35), (32, 1, 37, 37)]
1  
2  ----
3  ---
14    ---------
6      ------
11           ---
7            --
8              ---
12             --
13               ---------
22                -----
19                ---
9                 --
4                 -
20                ---
10                ---
17                   ----------
5                    -
21                   ------
15                   --
26                   -
25                     --
18                        ----
24                        ------
27                         ---
16                         ------
28                              -
23                               --
29                               -------
30                                 --
31                                 ---
32                                      

Best Solution so far: 
[1, 2, 3, 14, 6, 11, 7, 8, 12, 13, 22, 19, 9, 4, 20, 10, 17, 5, 21, 15, 26, 25, 18, 24, 27, 16, 28, 23, 29, 30, 31, 32] 
[1, 1, 2, 2, 0, 0, 0, 1, 0, 1, 1, 1, 0, 0, 2, 0, 2, 0, 1, 0, 0, 0, 0, 1, 1, 1, 0, 0, 0, 0, 1, 1]
Project Length: 37
Non-renewable resources constrains met: True



==================================================

Run 7:

[(1, 1, 0, 0), (2, 1, 0, 4), (6, 0, 4, 10), (7, 0, 10, 12), (12, 0, 10, 12), (3, 0, 10, 12), (14, 0, 12, 14), (11, 0, 12, 15), (8, 2, 12, 20), (19, 0, 15, 16), (5, 1, 15, 16), (4, 0, 15, 16), (9, 1, 15, 20), (13, 2, 15, 24), (22, 1, 20, 25), (16, 1, 20, 26), (10, 2, 20, 29), (21, 0, 20, 24), (18, 1, 24, 30), (26, 0, 24, 25), (25, 2, 25, 35), (15, 0, 25, 27), (27, 1, 25, 28), (24, 1, 27, 33), (20, 2, 27, 30), (23, 0, 30, 32), (30, 2, 33, 42), (17, 0, 33, 35), (28, 0, 35, 36), (31, 1, 35, 38), (29, 0, 36, 43), (32, 1, 43, 43)]
1  
2  ----
6      ------
7            --
12           --
3            --
14             --
11             ---
8              --------
19                -
5                 -
4                 -
9                 -----
13                ---------
22                     -----
16                     ------
10                     ---------
21                     ----
18                         ------
26                         -
25                          ----------
15                          --
27                          ---
24                            ------
20                            ---
23                               --
30                                  ---------
17                                  --
28                                    -
31                                    ---
29                                     -------
32                                            

Best Solution so far: 
[1, 2, 6, 7, 12, 3, 14, 11, 8, 19, 5, 4, 9, 13, 22, 16, 10, 21, 18, 26, 25, 15, 27, 24, 20, 23, 30, 17, 28, 31, 29, 32] 
[1, 1, 0, 0, 0, 0, 0, 0, 2, 0, 1, 0, 1, 2, 1, 1, 2, 0, 1, 0, 2, 0, 1, 1, 2, 0, 2, 0, 0, 1, 0, 1]
Project Length: 43
Non-renewable resources constrains met: True



==================================================

Run 8:

[(1, 0, 0, 0), (2, 0, 0, 2), (6, 0, 2, 8), (12, 2, 2, 12), (11, 1, 8, 16), (7, 0, 8, 10), (3, 1, 8, 10), (8, 0, 10, 11), (14, 2, 10, 19), (5, 2, 10, 12), (15, 2, 10, 18), (13, 2, 12, 21), (19, 0, 16, 17), (9, 2, 16, 26), (10, 1, 16, 22), (22, 0, 19, 20), (26, 2, 19, 25), (17, 2, 22, 32), (21, 0, 22, 26), (20, 2, 22, 25), (25, 1, 22, 25), (18, 2, 22, 32), (4, 1, 22, 25), (27, 1, 26, 29), (24, 0, 26, 31), (16, 1, 26, 32), (28, 0, 31, 32), (23, 0, 32, 34), (30, 1, 34, 42), (29, 0, 34, 41), (31, 2, 34, 38), (32, 1, 42, 42)]
1  
2  --
6    ------
12   ----------
11         --------
7          --
3          --
8            -
14           ---------
5            --
15           --------
13             ---------
19                 -
9                  ----------
10                 ------
22                    -
26                    ------
17                       ----------
21                       ----
20                       ---
25                       ---
18                       ----------
4                        ---
27                           ---
24                           -----
16                           ------
28                                -
23                                 --
30                                   --------
29                                   -------
31                                   ----
32                                           

Best Solution so far: 
[1, 2, 6, 12, 11, 7, 3, 8, 14, 5, 15, 13, 19, 9, 10, 22, 26, 17, 21, 20, 25, 18, 4, 27, 24, 16, 28, 23, 30, 29, 31, 32] 
[0, 0, 0, 2, 1, 0, 1, 0, 2, 2, 2, 2, 0, 2, 1, 0, 2, 2, 0, 2, 1, 2, 1, 1, 0, 1, 0, 0, 1, 0, 2, 1]
Project Length: 42
Non-renewable resources constrains met: True



==================================================

