Chains: 2
Steps: 10
Neighbours Initial N: 1000
Neighbours Increase Coefficient: 1
Temperature Max: 100
Temperature Increase Coefficient: 0.5


==================================================


==================================================

NEW INSTANCE: j3060_1
Run 1:

Best Solution so far: 
[1, 4, 3, 7, 2, 11, 6, 14, 13, 12, 5, 8, 20, 9, 15, 22, 16, 23, 19, 18, 17, 10, 28, 25, 26, 24, 21, 27, 30, 31, 29, 32] 
[1, 0, 0, 0, 0, 1, 0, 2, 1, 0, 1, 1, 1, 0, 0, 0, 2, 1, 1, 0, 0, 0, 1, 1, 0, 1, 0, 0, 0, 0, 0, 1]
Project Length: 22
Non-renewable resources constrains met: True



==================================================

Run 2:

Best Solution so far: 
[1, 3, 2, 4, 7, 11, 5, 6, 12, 9, 14, 13, 8, 22, 15, 17, 10, 18, 16, 19, 20, 25, 28, 21, 23, 24, 26, 27, 30, 31, 29, 32] 
[1, 0, 0, 0, 0, 1, 0, 0, 0, 0, 0, 1, 1, 0, 0, 0, 2, 0, 0, 1, 0, 0, 1, 1, 0, 2, 0, 0, 0, 0, 0, 0]
Project Length: 22
Non-renewable resources constrains met: True



==================================================

Run 3:

Best Solution so far: 
[1, 4, 7, 3, 2, 11, 6, 20, 13, 12, 14, 9, 17, 5, 15, 8, 22, 18, 19, 25, 16, 21, 28, 23, 26, 10, 24, 30, 31, 27, 29, 32] 
[2, 0, 0, 0, 0, 0, 1, 0, 2, 0, 0, 0, 0, 0, 0, 1, 0, 0, 0, 0, 1, 2, 0, 1, 0, 0, 0, 0, 1, 0, 0, 2]
Project Length: 22
Non-renewable resources constrains met: True



==================================================

Run 4:

Best Solution so far: 
[1, 2, 4, 11, 7, 3, 5, 14, 12, 6, 13, 22, 9, 8, 20, 15, 18, 23, 21, 19, 17, 25, 16, 10, 28, 26, 24, 27, 30, 31, 29, 32] 
[0, 0, 0, 0, 0, 0, 0, 1, 0, 1, 0, 0, 0, 0, 0, 0, 0, 1, 1, 1, 0, 0, 0, 1, 2, 0, 0, 0, 0, 0, 0, 0]
Project Length: 22
Non-renewable resources constrains met: True



==================================================

Run 5:

Best Solution so far: 
[1, 4, 3, 2, 7, 6, 16, 11, 5, 14, 12, 13, 18, 9, 17, 22, 20, 15, 8, 23, 19, 25, 24, 28, 21, 10, 26, 27, 30, 31, 29, 32] 
[1, 0, 0, 0, 0, 1, 0, 0, 2, 0, 0, 2, 1, 0, 0, 0, 0, 0, 2, 1, 1, 0, 2, 0, 0, 0, 0, 0, 0, 0, 0, 1]
Project Length: 22
Non-renewable resources constrains met: True



==================================================

Run 6:

Best Solution so far: 
[1, 3, 4, 2, 7, 6, 14, 12, 5, 17, 11, 20, 8, 13, 16, 22, 18, 9, 15, 23, 25, 21, 19, 10, 28, 24, 26, 30, 27, 31, 29, 32] 
[1, 0, 0, 0, 0, 0, 0, 0, 2, 2, 0, 0, 1, 1, 1, 0, 0, 0, 0, 2, 0, 2, 1, 1, 1, 1, 0, 0, 0, 0, 0, 1]
Project Length: 22
Non-renewable resources constrains met: True



==================================================

Run 7:

Best Solution so far: 
[1, 4, 2, 7, 3, 11, 5, 16, 12, 14, 6, 20, 13, 17, 9, 22, 18, 8, 15, 28, 19, 23, 10, 25, 21, 26, 24, 27, 30, 29, 31, 32] 
[0, 0, 0, 0, 0, 0, 1, 1, 0, 0, 0, 0, 0, 1, 0, 0, 0, 1, 0, 1, 0, 0, 0, 1, 1, 0, 1, 0, 0, 0, 1, 0]
Project Length: 22
Non-renewable resources constrains met: True



==================================================

Run 8:

Best Solution so far: 
[1, 3, 2, 4, 5, 11, 7, 6, 13, 12, 14, 16, 9, 8, 18, 15, 20, 22, 10, 25, 23, 19, 21, 17, 28, 26, 24, 27, 30, 29, 31, 32] 
[0, 1, 0, 0, 0, 1, 0, 0, 2, 0, 0, 1, 0, 0, 0, 0, 0, 0, 1, 2, 0, 1, 2, 0, 1, 0, 1, 0, 0, 0, 1, 1]
Project Length: 22
Non-renewable resources constrains met: True



==================================================

Run 9:

Best Solution so far: 
[1, 4, 11, 3, 7, 5, 2, 14, 12, 20, 13, 6, 18, 8, 9, 15, 17, 22, 28, 19, 16, 25, 23, 24, 26, 21, 30, 10, 27, 31, 29, 32] 
[1, 0, 1, 0, 0, 0, 0, 0, 0, 0, 1, 0, 0, 0, 0, 0, 0, 0, 1, 0, 0, 0, 0, 0, 0, 0, 0, 0, 0, 0, 0, 1]
Project Length: 22
Non-renewable resources constrains met: True



==================================================

Run 10:

Best Solution so far: 
[1, 4, 2, 7, 5, 3, 6, 12, 11, 14, 18, 8, 13, 22, 9, 20, 15, 17, 19, 25, 23, 10, 21, 28, 16, 24, 26, 30, 27, 31, 29, 32] 
[1, 0, 0, 0, 2, 0, 0, 0, 0, 0, 0, 1, 0, 0, 0, 1, 0, 0, 0, 1, 1, 1, 0, 0, 2, 0, 0, 0, 0, 1, 0, 2]
Project Length: 22
Non-renewable resources constrains met: True



==================================================


==================================================


==================================================

NEW INSTANCE: J5090_1
Run 1:

Best Solution so far: 
[1, 4, 9, 6, 2, 5, 3, 13, 7, 11, 8, 16, 10, 12, 15, 14, 21, 20, 17, 19, 26, 18, 23, 27, 22, 28, 24, 29, 25, 32, 38, 34, 35, 30, 36, 33, 31, 37, 39, 40, 51, 46, 42, 41, 44, 49, 45, 50, 43, 48, 47, 52] 
[1, 0, 0, 0, 0, 0, 0, 2, 2, 0, 1, 2, 1, 0, 0, 1, 0, 1, 0, 0, 1, 0, 2, 0, 0, 0, 0, 0, 0, 0, 2, 2, 2, 0, 2, 2, 0, 0, 0, 1, 1, 2, 0, 0, 0, 2, 0, 2, 0, 0, 1, 2]
Project Length: 54
Non-renewable resources constrains met: True



==================================================

Run 2:

Best Solution so far: 
[1, 2, 3, 5, 6, 4, 10, 7, 9, 13, 16, 8, 11, 12, 14, 17, 15, 22, 19, 18, 20, 21, 23, 25, 24, 28, 26, 27, 32, 29, 30, 36, 33, 35, 38, 34, 31, 37, 39, 40, 44, 42, 46, 41, 43, 51, 45, 49, 48, 50, 47, 52] 
[1, 0, 0, 0, 0, 0, 2, 1, 1, 0, 1, 1, 0, 0, 0, 0, 0, 1, 1, 0, 0, 0, 1, 0, 1, 0, 0, 2, 0, 0, 0, 2, 1, 0, 0, 0, 0, 0, 0, 1, 1, 0, 2, 1, 0, 0, 0, 1, 0, 0, 0, 0]
Project Length: 54
Non-renewable resources constrains met: True



==================================================

Run 3:

Best Solution so far: 
[1, 6, 2, 3, 5, 4, 11, 13, 10, 8, 7, 9, 12, 16, 15, 21, 14, 19, 22, 17, 26, 20, 27, 18, 23, 25, 24, 28, 32, 29, 33, 30, 38, 35, 36, 31, 37, 40, 39, 34, 41, 42, 46, 45, 44, 50, 49, 51, 43, 48, 47, 52] 
[2, 0, 0, 0, 0, 0, 0, 1, 1, 0, 0, 0, 0, 0, 0, 2, 0, 2, 2, 1, 1, 2, 0, 0, 2, 2, 0, 0, 0, 0, 2, 1, 2, 0, 2, 0, 0, 0, 0, 0, 0, 0, 2, 0, 0, 0, 2, 2, 0, 0, 1, 1]
Project Length: 54
Non-renewable resources constrains met: True



==================================================

Run 4:

Best Solution so far: 
[1, 3, 5, 2, 6, 4, 16, 11, 10, 8, 7, 12, 9, 15, 14, 21, 13, 20, 22, 17, 27, 18, 19, 25, 23, 28, 24, 26, 29, 32, 30, 33, 36, 31, 34, 37, 40, 35, 39, 38, 44, 41, 51, 42, 46, 45, 43, 49, 48, 47, 50, 52] 
[0, 0, 0, 0, 0, 1, 2, 0, 2, 0, 1, 0, 0, 0, 0, 1, 0, 1, 2, 1, 1, 0, 0, 1, 2, 0, 0, 0, 0, 0, 1, 0, 1, 0, 0, 0, 0, 0, 0, 0, 0, 1, 2, 0, 1, 1, 0, 0, 0, 1, 0, 0]
Project Length: 54
Non-renewable resources constrains met: True



==================================================

Run 5:

Best Solution so far: 
[1, 5, 2, 4, 6, 3, 7, 11, 13, 10, 9, 16, 8, 12, 15, 20, 14, 19, 17, 26, 18, 22, 24, 21, 25, 27, 28, 23, 29, 32, 30, 34, 35, 31, 38, 36, 33, 37, 39, 40, 41, 42, 43, 46, 44, 45, 48, 51, 49, 47, 50, 52] 
[2, 0, 0, 0, 0, 0, 1, 0, 2, 2, 1, 1, 1, 0, 0, 0, 0, 0, 1, 1, 0, 0, 2, 2, 0, 0, 0, 0, 0, 0, 1, 1, 1, 0, 0, 2, 2, 0, 0, 1, 0, 0, 0, 0, 0, 0, 0, 2, 0, 1, 0, 0]
Project Length: 54
Non-renewable resources constrains met: True



==================================================

Run 6:

Best Solution so far: 
[1, 2, 6, 4, 5, 10, 3, 9, 8, 7, 11, 12, 13, 15, 20, 16, 14, 17, 21, 19, 22, 18, 27, 26, 24, 23, 28, 32, 25, 29, 33, 30, 38, 35, 31, 37, 39, 34, 36, 40, 41, 46, 42, 45, 44, 43, 51, 49, 47, 50, 48, 52] 
[2, 0, 0, 0, 0, 2, 0, 0, 1, 2, 0, 0, 1, 0, 2, 1, 1, 1, 1, 0, 1, 0, 2, 0, 2, 2, 0, 0, 1, 0, 2, 1, 0, 1, 0, 0, 0, 0, 0, 1, 1, 0, 0, 1, 0, 0, 0, 1, 1, 0, 0, 2]
Project Length: 54
Non-renewable resources constrains met: True



==================================================

Run 7:

Best Solution so far: 
[1, 5, 3, 2, 4, 6, 9, 10, 16, 7, 11, 13, 8, 12, 14, 20, 15, 19, 17, 18, 26, 27, 22, 21, 24, 28, 25, 23, 29, 33, 30, 32, 31, 38, 34, 35, 37, 40, 36, 39, 46, 42, 44, 41, 49, 45, 51, 43, 50, 48, 47, 52] 
[2, 0, 1, 0, 1, 0, 0, 1, 0, 1, 0, 2, 0, 0, 0, 2, 0, 2, 0, 0, 2, 0, 2, 2, 2, 0, 0, 0, 0, 0, 1, 0, 0, 0, 0, 0, 0, 1, 0, 0, 2, 0, 1, 1, 2, 0, 1, 0, 0, 0, 1, 0]
Project Length: 54
Non-renewable resources constrains met: True



==================================================

Run 8:

Best Solution so far: 
[1, 4, 6, 5, 2, 3, 16, 9, 11, 8, 10, 12, 7, 21, 15, 14, 17, 13, 19, 26, 20, 18, 27, 22, 28, 25, 24, 23, 29, 32, 33, 35, 38, 34, 30, 31, 36, 37, 39, 44, 41, 40, 42, 45, 49, 46, 43, 47, 50, 48, 51, 52] 
[0, 1, 0, 0, 0, 1, 1, 2, 0, 1, 0, 0, 0, 0, 0, 0, 1, 1, 1, 2, 2, 0, 1, 0, 0, 1, 0, 1, 0, 0, 0, 0, 1, 2, 0, 0, 0, 0, 0, 1, 0, 0, 0, 2, 1, 1, 0, 1, 0, 0, 0, 0]
Project Length: 54
Non-renewable resources constrains met: True



==================================================

Run 9:

Best Solution so far: 
[1, 4, 6, 2, 5, 3, 7, 9, 11, 10, 8, 16, 13, 12, 15, 22, 14, 17, 20, 19, 21, 18, 27, 25, 26, 24, 28, 23, 29, 33, 30, 32, 38, 34, 31, 35, 36, 37, 39, 41, 44, 40, 45, 42, 50, 43, 46, 49, 48, 47, 51, 52] 
[1, 0, 0, 0, 0, 0, 2, 1, 0, 2, 1, 2, 2, 0, 0, 1, 0, 1, 1, 1, 2, 0, 2, 1, 0, 0, 0, 0, 0, 2, 2, 0, 2, 0, 0, 1, 0, 0, 0, 0, 1, 0, 1, 0, 0, 0, 0, 1, 0, 1, 2, 2]
Project Length: 54
Non-renewable resources constrains met: True



==================================================

Run 10:

Best Solution so far: 
[1, 3, 6, 5, 2, 4, 9, 11, 7, 16, 8, 10, 12, 15, 14, 17, 19, 13, 18, 21, 20, 22, 24, 28, 26, 27, 23, 32, 29, 25, 36, 35, 31, 33, 30, 37, 34, 38, 39, 40, 42, 41, 44, 51, 43, 45, 46, 47, 49, 50, 48, 52] 
[0, 1, 0, 0, 0, 1, 1, 0, 1, 0, 1, 0, 0, 0, 0, 0, 0, 0, 0, 2, 1, 2, 0, 0, 0, 0, 1, 2, 0, 1, 2, 1, 0, 1, 0, 0, 2, 2, 0, 0, 0, 1, 0, 0, 0, 0, 0, 1, 0, 0, 0, 2]
Project Length: 54
Non-renewable resources constrains met: True



==================================================


==================================================


==================================================

NEW INSTANCE: J10078_4
Run 1:

Best Solution so far: 
[1, 12, 2, 4, 7, 3, 6, 9, 10, 5, 13, 8, 14, 16, 11, 19, 17, 22, 15, 24, 20, 18, 23, 28, 26, 27, 21, 25, 29, 30, 32, 44, 40, 33, 37, 34, 39, 31, 42, 47, 36, 38, 46, 35, 41, 51, 45, 57, 50, 43, 49, 52, 54, 48, 56, 53, 66, 59, 63, 60, 55, 64, 77, 61, 62, 58, 69, 65, 73, 72, 68, 75, 67, 83, 74, 71, 85, 88, 76, 70, 80, 79, 78, 86, 82, 81, 84, 89, 94, 93, 100, 99, 90, 91, 96, 98, 87, 101, 92, 97, 95, 102] 
[2, 2, 0, 0, 1, 1, 1, 0, 1, 0, 0, 0, 2, 1, 0, 1, 0, 2, 2, 1, 0, 0, 0, 0, 0, 2, 0, 0, 1, 0, 0, 1, 0, 0, 1, 1, 2, 0, 0, 0, 1, 1, 2, 0, 0, 0, 1, 2, 0, 0, 1, 0, 0, 0, 0, 0, 2, 2, 1, 0, 0, 2, 0, 0, 0, 0, 1, 1, 0, 1, 0, 0, 0, 1, 0, 0, 0, 0, 0, 1, 0, 0, 0, 0, 1, 0, 0, 0, 2, 0, 0, 0, 0, 1, 0, 0, 0, 0, 1, 1, 0, 0]
Project Length: 65
Non-renewable resources constrains met: True



==================================================

Run 2:

Best Solution so far: 
[1, 12, 5, 2, 4, 6, 13, 3, 10, 9, 8, 15, 7, 14, 19, 18, 16, 17, 11, 23, 22, 26, 25, 30, 20, 24, 27, 21, 39, 32, 28, 44, 29, 34, 40, 33, 35, 36, 42, 37, 46, 38, 31, 47, 57, 43, 41, 51, 49, 45, 52, 50, 48, 56, 59, 54, 60, 53, 58, 55, 66, 77, 61, 64, 62, 63, 68, 73, 65, 75, 67, 71, 72, 69, 70, 85, 78, 74, 76, 83, 81, 86, 88, 93, 91, 80, 79, 82, 87, 84, 100, 89, 101, 90, 94, 92, 98, 95, 99, 97, 96, 102] 
[0, 2, 0, 0, 0, 1, 0, 0, 0, 1, 0, 0, 0, 2, 0, 2, 1, 1, 2, 0, 0, 0, 1, 0, 0, 0, 1, 0, 2, 0, 0, 1, 0, 0, 1, 0, 0, 1, 0, 0, 2, 0, 0, 1, 2, 1, 0, 0, 1, 1, 0, 0, 0, 0, 2, 0, 0, 0, 0, 0, 1, 0, 0, 1, 0, 0, 0, 0, 1, 1, 0, 0, 0, 1, 1, 0, 0, 0, 0, 1, 1, 1, 0, 2, 1, 0, 0, 0, 2, 0, 2, 0, 0, 0, 1, 0, 1, 0, 2, 1, 0, 0]
Project Length: 63
Non-renewable resources constrains met: True



==================================================

Run 3:

Best Solution so far: 
[1, 4, 5, 2, 7, 13, 3, 6, 15, 12, 10, 14, 11, 9, 8, 23, 16, 17, 24, 19, 18, 22, 21, 28, 32, 29, 30, 26, 27, 25, 20, 33, 39, 37, 34, 40, 44, 42, 35, 46, 31, 38, 36, 47, 41, 45, 43, 51, 49, 52, 50, 57, 60, 59, 56, 48, 54, 53, 64, 66, 61, 55, 58, 72, 68, 63, 65, 75, 69, 62, 73, 67, 71, 70, 85, 78, 88, 77, 74, 84, 76, 86, 80, 79, 91, 92, 87, 83, 94, 81, 82, 93, 89, 98, 90, 95, 96, 99, 100, 101, 97, 102] 
[2, 0, 0, 0, 1, 1, 0, 0, 0, 0, 0, 1, 0, 1, 0, 0, 1, 2, 1, 0, 0, 0, 0, 1, 1, 0, 0, 0, 0, 0, 0, 0, 1, 1, 1, 0, 2, 0, 0, 0, 0, 1, 0, 0, 1, 1, 0, 0, 1, 0, 0, 2, 1, 1, 0, 0, 2, 1, 1, 1, 1, 0, 0, 1, 0, 1, 1, 0, 1, 0, 0, 0, 0, 0, 0, 0, 0, 1, 0, 0, 0, 2, 0, 0, 1, 1, 1, 0, 2, 0, 1, 0, 0, 0, 0, 0, 0, 2, 0, 0, 1, 1]
Project Length: 64
Non-renewable resources constrains met: True



==================================================

Run 4:

Best Solution so far: 
[1, 3, 2, 7, 6, 4, 13, 9, 15, 5, 12, 10, 14, 8, 11, 16, 19, 18, 26, 24, 17, 28, 23, 25, 21, 22, 20, 30, 29, 27, 32, 40, 34, 33, 35, 42, 37, 44, 46, 36, 31, 38, 47, 39, 50, 51, 43, 45, 49, 41, 48, 53, 52, 60, 66, 57, 56, 59, 58, 65, 61, 54, 63, 55, 64, 73, 75, 67, 68, 62, 72, 74, 70, 69, 76, 77, 71, 80, 82, 88, 84, 83, 79, 94, 86, 85, 81, 78, 90, 87, 89, 91, 93, 100, 98, 99, 97, 92, 96, 101, 95, 102] 
[0, 0, 0, 1, 2, 0, 0, 1, 2, 0, 0, 0, 1, 0, 2, 0, 1, 0, 2, 1, 0, 0, 0, 2, 0, 0, 2, 0, 1, 1, 0, 0, 1, 0, 0, 1, 0, 2, 1, 0, 0, 0, 1, 0, 0, 0, 0, 0, 1, 1, 0, 0, 0, 1, 0, 0, 0, 1, 0, 0, 0, 0, 2, 0, 1, 0, 0, 1, 0, 0, 1, 0, 1, 0, 0, 0, 0, 0, 0, 0, 1, 1, 0, 2, 0, 0, 0, 0, 0, 1, 0, 0, 0, 2, 0, 2, 1, 0, 0, 0, 0, 0]
Project Length: 63
Non-renewable resources constrains met: True



==================================================

Run 5:

Best Solution so far: 
[1, 3, 2, 9, 4, 5, 7, 10, 12, 6, 13, 14, 15, 8, 23, 24, 16, 22, 19, 17, 11, 26, 18, 27, 21, 30, 20, 28, 25, 32, 33, 44, 34, 29, 35, 37, 39, 40, 45, 46, 31, 42, 38, 36, 47, 41, 49, 51, 57, 43, 48, 50, 60, 54, 56, 52, 53, 59, 55, 66, 58, 77, 64, 62, 61, 67, 69, 73, 72, 63, 65, 68, 75, 71, 74, 78, 70, 76, 83, 85, 80, 86, 81, 84, 82, 88, 79, 87, 94, 92, 100, 97, 93, 90, 89, 99, 101, 96, 98, 91, 95, 102] 
[0, 0, 0, 1, 1, 0, 0, 0, 1, 0, 0, 1, 0, 0, 0, 0, 0, 1, 1, 0, 2, 2, 0, 2, 0, 0, 0, 1, 0, 0, 0, 2, 0, 0, 0, 1, 0, 2, 0, 1, 0, 1, 0, 0, 1, 0, 1, 0, 0, 0, 2, 0, 0, 0, 0, 0, 2, 2, 0, 0, 0, 2, 2, 0, 0, 0, 1, 0, 2, 1, 1, 0, 1, 0, 0, 0, 0, 0, 1, 0, 0, 0, 0, 1, 0, 0, 0, 0, 1, 1, 1, 0, 0, 1, 0, 1, 0, 0, 1, 0, 0, 2]
Project Length: 63
Non-renewable resources constrains met: True



==================================================

Run 6:

Best Solution so far: 
[1, 2, 4, 9, 6, 3, 5, 10, 15, 12, 14, 8, 13, 19, 7, 22, 17, 11, 16, 24, 20, 18, 23, 21, 27, 26, 32, 29, 34, 25, 44, 28, 30, 39, 37, 35, 33, 40, 36, 42, 45, 31, 38, 47, 46, 43, 49, 41, 51, 57, 50, 60, 52, 56, 54, 66, 53, 58, 59, 48, 55, 61, 62, 63, 73, 75, 64, 72, 68, 69, 67, 77, 65, 76, 70, 74, 71, 83, 78, 80, 85, 82, 91, 88, 86, 93, 81, 79, 89, 92, 87, 84, 101, 90, 100, 94, 97, 96, 98, 95, 99, 102] 
[2, 0, 1, 1, 0, 0, 0, 0, 1, 0, 1, 0, 0, 1, 0, 0, 1, 0, 1, 1, 1, 0, 0, 0, 2, 0, 0, 0, 1, 0, 2, 1, 0, 2, 1, 0, 0, 1, 1, 0, 0, 0, 0, 2, 1, 1, 1, 1, 0, 2, 0, 2, 0, 0, 2, 0, 1, 1, 1, 0, 0, 0, 0, 1, 0, 0, 0, 0, 1, 1, 2, 1, 1, 0, 0, 0, 0, 1, 0, 0, 0, 0, 1, 0, 0, 0, 0, 1, 0, 1, 1, 0, 0, 0, 1, 1, 0, 0, 0, 1, 2, 0]
Project Length: 63
Non-renewable resources constrains met: True



==================================================

Run 7:

Best Solution so far: 
[1, 3, 12, 7, 2, 5, 4, 9, 10, 13, 6, 15, 8, 14, 17, 11, 19, 16, 24, 23, 18, 22, 20, 27, 28, 21, 26, 32, 44, 40, 39, 29, 30, 34, 25, 33, 35, 45, 42, 31, 46, 37, 38, 47, 36, 41, 43, 50, 57, 49, 51, 48, 56, 64, 54, 52, 62, 53, 59, 60, 58, 66, 55, 61, 77, 67, 65, 73, 75, 68, 63, 69, 72, 74, 76, 71, 83, 70, 88, 85, 94, 93, 80, 84, 82, 79, 78, 81, 86, 87, 91, 90, 99, 92, 89, 98, 96, 95, 100, 97, 101, 102] 
[0, 0, 1, 1, 0, 1, 1, 1, 0, 0, 0, 2, 0, 1, 2, 2, 0, 0, 0, 0, 0, 0, 0, 2, 1, 0, 0, 0, 1, 0, 2, 0, 0, 1, 0, 0, 0, 0, 1, 0, 1, 1, 0, 1, 0, 0, 1, 0, 0, 1, 0, 0, 2, 2, 0, 0, 0, 1, 2, 0, 0, 1, 0, 0, 0, 0, 1, 0, 0, 0, 0, 1, 0, 0, 0, 0, 1, 0, 0, 0, 0, 2, 0, 2, 0, 0, 0, 0, 1, 1, 1, 0, 0, 1, 0, 2, 0, 0, 1, 1, 0, 2]
Project Length: 62
Non-renewable resources constrains met: True



==================================================

Run 8:

Best Solution so far: 
[1, 5, 2, 9, 12, 6, 3, 7, 10, 15, 4, 8, 26, 14, 11, 13, 17, 16, 19, 22, 18, 24, 30, 23, 21, 32, 28, 20, 25, 29, 40, 27, 33, 39, 37, 34, 44, 35, 42, 31, 47, 38, 36, 46, 41, 49, 50, 57, 51, 45, 43, 52, 48, 60, 55, 64, 56, 59, 53, 61, 65, 63, 58, 66, 54, 72, 62, 75, 68, 69, 73, 67, 71, 85, 78, 84, 74, 70, 88, 76, 82, 77, 91, 80, 87, 86, 94, 81, 79, 83, 101, 93, 99, 89, 92, 96, 98, 100, 97, 90, 95, 102] 
[2, 0, 0, 1, 0, 1, 0, 0, 1, 0, 0, 0, 0, 0, 2, 0, 0, 0, 1, 1, 0, 0, 0, 0, 0, 1, 0, 0, 0, 1, 1, 0, 0, 2, 1, 1, 0, 0, 1, 0, 1, 0, 0, 1, 0, 1, 0, 2, 0, 0, 0, 2, 0, 2, 1, 1, 0, 2, 0, 0, 1, 0, 0, 1, 0, 1, 0, 0, 1, 1, 0, 0, 0, 0, 0, 2, 0, 0, 0, 0, 0, 0, 1, 0, 1, 0, 0, 0, 2, 0, 0, 0, 0, 0, 2, 0, 0, 1, 1, 0, 0, 2]
Project Length: 64
Non-renewable resources constrains met: True



==================================================

Run 9:

Best Solution so far: 
[1, 6, 2, 4, 7, 3, 5, 13, 14, 11, 9, 10, 8, 15, 19, 17, 18, 22, 16, 21, 12, 23, 28, 24, 27, 26, 29, 25, 32, 30, 20, 39, 34, 33, 46, 35, 31, 45, 42, 37, 40, 38, 47, 36, 44, 43, 51, 41, 59, 50, 57, 60, 48, 49, 52, 56, 64, 53, 62, 61, 63, 66, 58, 54, 55, 75, 72, 68, 65, 67, 73, 69, 71, 88, 84, 70, 83, 85, 74, 80, 79, 77, 81, 76, 86, 78, 90, 82, 94, 89, 93, 87, 92, 101, 98, 96, 91, 97, 100, 95, 99, 102] 
[2, 1, 0, 1, 1, 1, 0, 1, 0, 2, 1, 0, 0, 0, 0, 0, 0, 2, 0, 0, 0, 0, 1, 0, 1, 1, 1, 0, 1, 0, 2, 2, 1, 0, 2, 0, 0, 0, 0, 0, 0, 2, 1, 1, 0, 0, 0, 1, 2, 0, 0, 1, 0, 1, 0, 0, 2, 0, 0, 0, 2, 0, 0, 0, 0, 0, 1, 0, 1, 0, 0, 1, 0, 0, 2, 0, 1, 0, 0, 0, 1, 0, 0, 0, 1, 0, 0, 1, 2, 0, 0, 2, 0, 0, 0, 0, 0, 1, 0, 0, 0, 0]
Project Length: 64
Non-renewable resources constrains met: True



==================================================

Run 10:

Best Solution so far: 
[1, 12, 7, 2, 6, 5, 3, 9, 10, 4, 15, 14, 13, 17, 8, 24, 22, 19, 11, 18, 21, 23, 16, 20, 28, 25, 32, 27, 30, 44, 39, 37, 34, 26, 29, 33, 35, 36, 45, 31, 38, 42, 40, 46, 47, 50, 41, 51, 43, 57, 52, 49, 56, 48, 60, 55, 54, 53, 58, 61, 59, 64, 66, 77, 63, 62, 73, 65, 68, 75, 67, 72, 69, 71, 74, 70, 78, 76, 83, 80, 88, 79, 93, 91, 81, 86, 85, 84, 101, 89, 90, 82, 94, 100, 92, 87, 96, 97, 99, 95, 98, 102] 
[2, 0, 0, 0, 1, 0, 0, 1, 0, 0, 2, 0, 0, 1, 0, 1, 1, 1, 2, 0, 0, 0, 0, 2, 0, 0, 0, 1, 0, 2, 2, 0, 1, 0, 0, 0, 0, 1, 0, 0, 0, 0, 0, 1, 0, 0, 1, 0, 0, 2, 0, 1, 2, 0, 0, 0, 2, 2, 0, 2, 2, 2, 0, 0, 1, 0, 0, 1, 0, 1, 0, 0, 1, 0, 0, 0, 0, 0, 1, 0, 0, 0, 2, 1, 0, 2, 0, 0, 0, 0, 0, 1, 0, 0, 0, 0, 0, 1, 0, 0, 0, 1]
Project Length: 62
Non-renewable resources constrains met: True



==================================================

