Chains: 2
Steps: 5
Neighbours Initial N: 100
Neighbours Increase Coefficient: 1
Temperature Max: 100
Temperature Increase Coefficient: 0.25


==================================================


==================================================

NEW INSTANCE: j3060_1
Run 1:

Best Solution so far: 
[1, 2, 4, 5, 11, 7, 3, 14, 20, 12, 16, 6, 9, 22, 13, 8, 15, 18, 17, 25, 28, 23, 21, 19, 26, 24, 10, 27, 31, 30, 29, 32] 
[1, 0, 0, 2, 1, 0, 0, 2, 1, 0, 1, 0, 0, 0, 0, 1, 0, 0, 0, 0, 0, 1, 1, 1, 0, 1, 0, 0, 0, 0, 0, 1]
Project Length: 22
Non-renewable resources constrains met: True

4.76user 0.01system 0:02.75elapsed 173%CPU (0avgtext+0avgdata 26724maxresident)k
0inputs+0outputs (0major+3779minor)pagefaults 0swaps


==================================================

Run 2:

Best Solution so far: 
[1, 3, 4, 2, 11, 7, 12, 6, 14, 20, 9, 8, 5, 22, 16, 17, 15, 18, 25, 13, 19, 23, 28, 21, 10, 24, 26, 27, 30, 29, 31, 32] 
[0, 0, 0, 0, 0, 0, 0, 1, 0, 1, 0, 2, 0, 0, 1, 0, 0, 0, 1, 0, 1, 1, 2, 0, 2, 1, 0, 0, 0, 0, 1, 0]
Project Length: 22
Non-renewable resources constrains met: True

4.66user 0.02system 0:02.66elapsed 175%CPU (0avgtext+0avgdata 26720maxresident)k
0inputs+0outputs (0major+3774minor)pagefaults 0swaps


==================================================

Run 3:

Best Solution so far: 
[1, 3, 4, 7, 11, 2, 12, 6, 14, 18, 9, 5, 25, 22, 20, 17, 16, 8, 15, 23, 13, 28, 19, 21, 10, 26, 24, 27, 30, 29, 31, 32] 
[2, 0, 0, 0, 1, 0, 0, 0, 0, 0, 0, 0, 2, 0, 0, 2, 0, 1, 0, 1, 0, 0, 1, 0, 0, 0, 1, 0, 0, 0, 0, 0]
Project Length: 22
Non-renewable resources constrains met: True

4.74user 0.02system 0:02.73elapsed 174%CPU (0avgtext+0avgdata 26704maxresident)k
0inputs+0outputs (0major+3772minor)pagefaults 0swaps


==================================================

Run 4:

Best Solution so far: 
[1, 4, 3, 2, 7, 5, 11, 12, 13, 14, 6, 8, 22, 9, 17, 16, 18, 20, 15, 28, 23, 25, 19, 24, 21, 26, 30, 10, 27, 31, 29, 32] 
[0, 0, 0, 0, 0, 1, 0, 0, 2, 0, 0, 0, 0, 0, 1, 2, 0, 1, 0, 1, 0, 0, 0, 1, 0, 0, 0, 0, 0, 0, 0, 2]
Project Length: 22
Non-renewable resources constrains met: True

4.83user 0.01system 0:02.83elapsed 171%CPU (0avgtext+0avgdata 26536maxresident)k
0inputs+0outputs (0major+3779minor)pagefaults 0swaps


==================================================

Run 5:

Best Solution so far: 
[1, 3, 2, 4, 5, 7, 12, 6, 14, 16, 9, 22, 8, 11, 18, 20, 15, 17, 13, 19, 10, 21, 23, 28, 26, 24, 25, 30, 27, 29, 31, 32] 
[0, 0, 0, 0, 0, 0, 0, 0, 0, 0, 0, 0, 2, 0, 0, 1, 0, 0, 0, 1, 0, 2, 1, 1, 0, 0, 0, 0, 0, 0, 0, 0]
Project Length: 23
Non-renewable resources constrains met: True

4.72user 0.02system 0:02.66elapsed 178%CPU (0avgtext+0avgdata 26596maxresident)k
0inputs+0outputs (0major+3772minor)pagefaults 0swaps


==================================================

Run 6:

Best Solution so far: 
[1, 4, 7, 3, 2, 11, 14, 12, 5, 6, 18, 17, 20, 9, 13, 8, 15, 22, 19, 21, 28, 25, 16, 23, 26, 27, 24, 10, 30, 29, 31, 32] 
[2, 0, 0, 0, 0, 0, 0, 0, 0, 0, 0, 0, 0, 0, 0, 0, 0, 0, 0, 1, 0, 2, 1, 1, 0, 0, 0, 0, 0, 0, 1, 0]
Project Length: 22
Non-renewable resources constrains met: True

4.75user 0.02system 0:02.70elapsed 176%CPU (0avgtext+0avgdata 26724maxresident)k
0inputs+0outputs (0major+3775minor)pagefaults 0swaps


==================================================

Run 7:

Best Solution so far: 
[1, 4, 2, 3, 7, 6, 12, 14, 17, 11, 9, 8, 5, 22, 13, 15, 18, 20, 16, 19, 23, 24, 10, 21, 28, 25, 26, 30, 27, 31, 29, 32] 
[2, 0, 0, 0, 0, 1, 0, 0, 0, 1, 0, 0, 1, 0, 0, 0, 0, 0, 1, 1, 0, 2, 0, 1, 1, 1, 0, 0, 0, 0, 0, 2]
Project Length: 22
Non-renewable resources constrains met: True

4.60user 0.02system 0:02.94elapsed 157%CPU (0avgtext+0avgdata 26720maxresident)k
0inputs+0outputs (0major+3777minor)pagefaults 0swaps


==================================================

Run 8:

Best Solution so far: 
[1, 2, 4, 7, 5, 3, 16, 14, 6, 11, 12, 8, 13, 9, 22, 17, 18, 25, 15, 28, 20, 10, 19, 21, 23, 26, 24, 27, 30, 31, 29, 32] 
[0, 0, 0, 0, 2, 0, 0, 0, 1, 0, 0, 2, 0, 0, 0, 0, 0, 1, 0, 0, 0, 0, 1, 0, 1, 0, 0, 0, 0, 1, 0, 2]
Project Length: 22
Non-renewable resources constrains met: True

4.86user 0.03system 0:03.04elapsed 160%CPU (0avgtext+0avgdata 26724maxresident)k
0inputs+0outputs (0major+3774minor)pagefaults 0swaps


==================================================

Run 9:

Best Solution so far: 
[1, 3, 2, 4, 7, 5, 12, 6, 14, 11, 20, 8, 9, 13, 17, 22, 18, 15, 23, 10, 19, 28, 25, 21, 24, 16, 26, 27, 30, 31, 29, 32] 
[2, 0, 0, 0, 0, 0, 0, 0, 0, 1, 0, 1, 0, 1, 0, 0, 1, 0, 1, 0, 1, 0, 0, 0, 1, 0, 0, 0, 0, 0, 0, 0]
Project Length: 22
Non-renewable resources constrains met: True

5.12user 0.02system 0:03.35elapsed 153%CPU (0avgtext+0avgdata 26616maxresident)k
0inputs+0outputs (0major+3773minor)pagefaults 0swaps


==================================================

Run 10:

Best Solution so far: 
[1, 2, 4, 3, 11, 7, 5, 16, 12, 14, 6, 18, 13, 25, 9, 22, 8, 17, 15, 20, 19, 10, 23, 24, 28, 21, 26, 27, 30, 31, 29, 32] 
[2, 0, 0, 0, 1, 0, 0, 2, 0, 0, 0, 0, 1, 1, 0, 0, 1, 0, 0, 0, 0, 1, 1, 1, 0, 2, 0, 0, 0, 0, 0, 2]
Project Length: 22
Non-renewable resources constrains met: True

4.56user 0.02system 0:02.92elapsed 157%CPU (0avgtext+0avgdata 26632maxresident)k
0inputs+0outputs (0major+3766minor)pagefaults 0swaps


==================================================


==================================================


==================================================

NEW INSTANCE: J5090_1
Run 1:

Best Solution so far: 
[1, 5, 4, 2, 6, 10, 3, 16, 7, 9, 8, 13, 11, 20, 14, 12, 21, 22, 19, 17, 15, 25, 18, 27, 24, 23, 32, 29, 26, 28, 35, 34, 31, 33, 30, 36, 37, 40, 38, 39, 46, 41, 42, 44, 45, 49, 43, 51, 48, 47, 50, 52] 
[1, 1, 1, 0, 1, 1, 0, 1, 2, 0, 1, 1, 1, 0, 0, 0, 0, 0, 0, 1, 0, 0, 0, 1, 0, 2, 1, 1, 0, 0, 1, 1, 2, 0, 0, 2, 0, 0, 0, 0, 2, 1, 0, 0, 1, 2, 0, 1, 0, 0, 0, 2]
Project Length: 59
Non-renewable resources constrains met: True

8.61user 0.02system 0:06.86elapsed 125%CPU (0avgtext+0avgdata 26724maxresident)k
0inputs+0outputs (0major+3787minor)pagefaults 0swaps


==================================================

Run 2:

Best Solution so far: 
[1, 2, 4, 3, 6, 9, 5, 8, 16, 7, 13, 11, 21, 10, 14, 12, 20, 17, 15, 19, 26, 22, 23, 27, 18, 24, 28, 29, 32, 25, 34, 30, 38, 36, 31, 35, 33, 37, 39, 40, 44, 51, 42, 41, 45, 46, 43, 49, 47, 48, 50, 52] 
[2, 0, 0, 1, 1, 1, 1, 1, 2, 2, 0, 1, 1, 0, 0, 0, 1, 2, 0, 0, 2, 2, 2, 1, 0, 0, 0, 1, 2, 0, 1, 0, 0, 1, 0, 2, 1, 0, 0, 0, 0, 2, 0, 0, 1, 0, 0, 0, 0, 0, 0, 0]
Project Length: 57
Non-renewable resources constrains met: True

10.28user 0.02system 0:08.73elapsed 118%CPU (0avgtext+0avgdata 26660maxresident)k
0inputs+0outputs (0major+3786minor)pagefaults 0swaps


==================================================

Run 3:

Best Solution so far: 
[1, 2, 6, 4, 3, 5, 11, 7, 16, 10, 8, 9, 12, 13, 14, 15, 19, 17, 22, 21, 20, 27, 18, 24, 23, 28, 25, 26, 29, 32, 30, 35, 34, 31, 38, 33, 37, 39, 36, 51, 44, 40, 46, 42, 41, 49, 45, 43, 47, 48, 50, 52] 
[0, 0, 0, 1, 1, 0, 0, 0, 1, 1, 0, 0, 0, 0, 0, 0, 1, 1, 1, 1, 0, 0, 1, 0, 1, 1, 0, 0, 2, 2, 0, 0, 2, 1, 0, 1, 0, 0, 0, 2, 1, 1, 2, 0, 0, 1, 0, 0, 1, 0, 0, 1]
Project Length: 57
Non-renewable resources constrains met: True

8.77user 0.03system 0:07.41elapsed 118%CPU (0avgtext+0avgdata 26720maxresident)k
0inputs+0outputs (0major+3786minor)pagefaults 0swaps


==================================================

Run 4:

Best Solution so far: 
[1, 3, 9, 2, 4, 6, 5, 8, 13, 10, 7, 11, 16, 14, 12, 19, 15, 22, 21, 20, 17, 18, 24, 26, 23, 32, 28, 27, 29, 25, 35, 33, 38, 31, 34, 30, 36, 37, 51, 39, 44, 46, 41, 40, 42, 49, 45, 50, 43, 47, 48, 52] 
[1, 0, 2, 0, 0, 0, 0, 1, 2, 0, 1, 0, 1, 0, 0, 0, 0, 0, 0, 1, 0, 0, 0, 0, 2, 0, 0, 1, 0, 1, 0, 2, 0, 1, 0, 1, 0, 0, 1, 0, 1, 1, 2, 1, 0, 1, 0, 1, 0, 0, 0, 1]
Project Length: 56
Non-renewable resources constrains met: True

9.31user 0.04system 0:07.69elapsed 121%CPU (0avgtext+0avgdata 26576maxresident)k
0inputs+0outputs (0major+3791minor)pagefaults 0swaps


==================================================

Run 5:

Best Solution so far: 
[1, 2, 4, 6, 5, 3, 11, 16, 8, 13, 7, 10, 12, 9, 21, 22, 20, 14, 15, 17, 27, 18, 19, 28, 25, 26, 23, 24, 29, 36, 31, 35, 33, 30, 37, 39, 40, 32, 38, 34, 41, 42, 46, 44, 43, 51, 45, 47, 50, 48, 49, 52] 
[1, 0, 1, 0, 0, 1, 1, 0, 1, 1, 1, 0, 0, 0, 2, 1, 1, 1, 0, 0, 2, 0, 2, 2, 1, 1, 2, 0, 0, 0, 0, 1, 0, 2, 0, 0, 0, 0, 1, 0, 1, 0, 1, 1, 0, 1, 0, 0, 0, 0, 0, 0]
Project Length: 59
Non-renewable resources constrains met: True

9.10user 0.03system 0:07.55elapsed 121%CPU (0avgtext+0avgdata 26592maxresident)k
0inputs+0outputs (0major+3778minor)pagefaults 0swaps


==================================================

Run 6:

Best Solution so far: 
[1, 2, 3, 5, 6, 4, 11, 12, 8, 10, 9, 13, 16, 7, 20, 14, 21, 15, 19, 17, 22, 18, 24, 27, 26, 28, 25, 23, 29, 32, 33, 34, 38, 31, 36, 30, 35, 37, 40, 39, 42, 41, 44, 45, 46, 43, 49, 50, 51, 48, 47, 52] 
[1, 0, 0, 0, 0, 1, 0, 0, 1, 2, 0, 2, 0, 0, 1, 1, 2, 0, 0, 1, 1, 0, 2, 0, 2, 1, 2, 0, 0, 0, 0, 2, 0, 0, 2, 0, 2, 0, 1, 0, 0, 0, 0, 0, 0, 0, 1, 0, 1, 0, 1, 0]
Project Length: 57
Non-renewable resources constrains met: True

9.12user 0.02system 0:07.39elapsed 123%CPU (0avgtext+0avgdata 26468maxresident)k
0inputs+0outputs (0major+3780minor)pagefaults 0swaps


==================================================

Run 7:

Best Solution so far: 
[1, 9, 2, 3, 4, 5, 6, 7, 16, 11, 10, 8, 13, 12, 21, 15, 14, 17, 19, 18, 27, 22, 20, 26, 24, 23, 25, 29, 32, 28, 34, 38, 35, 36, 30, 33, 31, 37, 39, 46, 51, 40, 41, 44, 42, 45, 49, 50, 43, 48, 47, 52] 
[1, 1, 0, 0, 1, 0, 0, 1, 0, 0, 2, 0, 1, 0, 2, 0, 0, 0, 0, 1, 2, 0, 0, 2, 0, 1, 0, 1, 2, 0, 0, 0, 1, 0, 0, 0, 0, 0, 0, 1, 2, 0, 0, 1, 0, 1, 2, 0, 0, 0, 1, 1]
Project Length: 56
Non-renewable resources constrains met: True

8.87user 0.03system 0:07.08elapsed 125%CPU (0avgtext+0avgdata 26584maxresident)k
0inputs+0outputs (0major+3784minor)pagefaults 0swaps


==================================================

Run 8:

Best Solution so far: 
[1, 2, 5, 4, 6, 10, 3, 13, 8, 11, 9, 7, 12, 22, 16, 14, 15, 21, 17, 27, 18, 25, 19, 26, 28, 20, 23, 24, 32, 29, 38, 30, 31, 33, 36, 34, 35, 37, 41, 39, 44, 40, 42, 49, 51, 45, 46, 50, 43, 47, 48, 52] 
[1, 0, 0, 0, 0, 0, 0, 0, 1, 0, 1, 2, 0, 0, 1, 0, 0, 2, 0, 1, 0, 0, 2, 2, 2, 1, 2, 0, 0, 0, 2, 0, 2, 0, 0, 0, 1, 0, 1, 0, 1, 1, 0, 1, 2, 0, 1, 0, 0, 1, 0, 2]
Project Length: 57
Non-renewable resources constrains met: True

8.89user 0.02system 0:07.09elapsed 125%CPU (0avgtext+0avgdata 26676maxresident)k
0inputs+0outputs (0major+3794minor)pagefaults 0swaps


==================================================

Run 9:

Best Solution so far: 
[1, 9, 2, 3, 4, 6, 5, 8, 7, 16, 10, 11, 13, 12, 20, 14, 17, 19, 21, 15, 22, 26, 18, 24, 23, 27, 25, 29, 28, 32, 35, 34, 30, 36, 31, 33, 37, 39, 41, 38, 40, 44, 42, 46, 45, 43, 50, 49, 48, 51, 47, 52] 
[1, 2, 0, 1, 1, 1, 1, 1, 1, 0, 1, 1, 1, 0, 0, 0, 0, 0, 0, 0, 0, 0, 0, 0, 1, 0, 1, 0, 0, 0, 0, 2, 0, 1, 0, 0, 0, 0, 2, 0, 0, 0, 0, 1, 0, 0, 1, 0, 0, 1, 1, 2]
Project Length: 57
Non-renewable resources constrains met: True

9.02user 0.02system 0:07.23elapsed 125%CPU (0avgtext+0avgdata 26540maxresident)k
0inputs+0outputs (0major+3786minor)pagefaults 0swaps


==================================================

Run 10:

Best Solution so far: 
[1, 5, 4, 6, 9, 2, 3, 8, 11, 13, 7, 10, 12, 16, 20, 15, 14, 19, 17, 18, 21, 24, 26, 22, 28, 25, 23, 27, 29, 32, 30, 38, 36, 31, 37, 35, 34, 33, 39, 51, 40, 41, 42, 46, 44, 43, 45, 50, 48, 47, 49, 52] 
[0, 0, 0, 0, 0, 0, 0, 1, 0, 1, 0, 0, 0, 1, 1, 0, 0, 0, 0, 0, 0, 1, 1, 0, 1, 1, 0, 1, 0, 2, 1, 1, 2, 0, 0, 1, 0, 0, 1, 0, 0, 1, 0, 0, 0, 0, 0, 0, 0, 1, 0, 2]
Project Length: 58
Non-renewable resources constrains met: True

8.96user 0.01system 0:07.15elapsed 125%CPU (0avgtext+0avgdata 26720maxresident)k
0inputs+0outputs (0major+3789minor)pagefaults 0swaps


==================================================


==================================================


==================================================

NEW INSTANCE: J10078_4
Run 1:

Best Solution so far: 
[1, 3, 4, 13, 5, 2, 12, 14, 11, 6, 8, 10, 15, 9, 18, 17, 7, 22, 21, 23, 20, 16, 26, 30, 19, 24, 44, 28, 29, 32, 34, 27, 40, 25, 33, 38, 37, 36, 39, 31, 35, 42, 45, 46, 49, 50, 43, 51, 57, 41, 52, 47, 66, 48, 61, 58, 64, 56, 53, 54, 63, 60, 62, 59, 65, 55, 69, 75, 67, 73, 68, 83, 71, 72, 70, 77, 74, 85, 84, 78, 81, 82, 80, 79, 76, 92, 88, 90, 86, 93, 89, 98, 99, 94, 91, 96, 100, 87, 101, 97, 95, 102] 
[1, 2, 0, 2, 0, 0, 1, 0, 0, 0, 0, 1, 2, 0, 2, 1, 0, 2, 1, 2, 1, 1, 1, 0, 0, 0, 2, 2, 1, 1, 1, 1, 1, 1, 0, 0, 0, 2, 2, 0, 1, 2, 2, 2, 2, 0, 2, 0, 1, 1, 0, 1, 2, 0, 2, 2, 0, 1, 0, 0, 0, 0, 0, 2, 1, 0, 0, 0, 0, 0, 0, 1, 0, 1, 2, 1, 1, 2, 0, 1, 0, 1, 0, 0, 0, 2, 0, 0, 1, 2, 0, 1, 0, 1, 0, 1, 1, 2, 0, 1, 1, 1]
Project Length: 92
Non-renewable resources constrains met: True

27.72user 0.03system 0:25.97elapsed 106%CPU (0avgtext+0avgdata 31836maxresident)k
0inputs+72outputs (0major+5071minor)pagefaults 0swaps


==================================================

Run 2:

Best Solution so far: 
[1, 7, 9, 5, 2, 3, 4, 13, 12, 10, 14, 8, 11, 6, 24, 18, 26, 15, 17, 16, 23, 19, 20, 22, 39, 21, 27, 32, 25, 29, 44, 34, 30, 31, 35, 40, 28, 36, 37, 33, 45, 42, 38, 47, 46, 41, 43, 49, 51, 54, 59, 56, 50, 57, 60, 52, 48, 53, 64, 66, 68, 61, 72, 55, 62, 63, 58, 67, 73, 69, 65, 75, 76, 84, 71, 78, 77, 74, 81, 88, 85, 70, 80, 86, 79, 82, 90, 92, 83, 94, 93, 91, 87, 89, 97, 99, 96, 101, 98, 100, 95, 102] 
[1, 1, 0, 0, 0, 0, 0, 1, 2, 2, 2, 0, 1, 1, 0, 2, 2, 2, 1, 1, 0, 0, 2, 1, 1, 0, 0, 1, 1, 1, 2, 2, 0, 0, 1, 2, 0, 2, 1, 0, 0, 1, 0, 1, 1, 1, 0, 0, 0, 0, 2, 0, 0, 1, 0, 0, 1, 0, 0, 1, 0, 1, 1, 1, 2, 0, 0, 0, 0, 0, 0, 0, 1, 2, 0, 2, 1, 1, 2, 0, 0, 0, 0, 0, 0, 0, 1, 2, 1, 0, 1, 1, 0, 0, 0, 1, 0, 1, 0, 1, 0, 0]
Project Length: 83
Non-renewable resources constrains met: True

27.68user 0.03system 0:26.19elapsed 105%CPU (0avgtext+0avgdata 26844maxresident)k
0inputs+0outputs (0major+3806minor)pagefaults 0swaps


==================================================

Run 3:

Best Solution so far: 
[1, 4, 9, 2, 6, 3, 12, 10, 13, 7, 14, 8, 17, 24, 15, 5, 19, 18, 22, 25, 21, 11, 16, 28, 30, 23, 27, 34, 29, 20, 32, 44, 26, 33, 38, 39, 35, 37, 42, 31, 40, 45, 36, 46, 43, 41, 50, 47, 51, 49, 52, 56, 48, 58, 53, 61, 60, 54, 59, 57, 55, 68, 65, 63, 75, 73, 66, 72, 62, 64, 69, 67, 70, 71, 83, 76, 77, 81, 78, 88, 74, 85, 94, 80, 86, 79, 90, 84, 89, 92, 100, 93, 82, 87, 91, 101, 99, 96, 95, 98, 97, 102] 
[1, 1, 0, 1, 1, 0, 0, 0, 1, 1, 1, 1, 0, 1, 0, 0, 1, 0, 0, 1, 0, 0, 0, 0, 0, 0, 2, 0, 1, 2, 1, 0, 0, 0, 0, 0, 0, 1, 0, 0, 1, 2, 1, 2, 0, 2, 0, 1, 1, 1, 0, 1, 0, 2, 1, 0, 2, 2, 1, 0, 1, 0, 2, 2, 0, 0, 2, 1, 1, 1, 2, 1, 1, 0, 1, 0, 1, 0, 0, 1, 0, 0, 0, 0, 1, 0, 0, 2, 0, 1, 2, 0, 0, 2, 1, 2, 2, 0, 1, 0, 0, 1]
Project Length: 85
Non-renewable resources constrains met: True

28.46user 0.02system 0:26.90elapsed 105%CPU (0avgtext+0avgdata 26632maxresident)k
0inputs+0outputs (0major+3799minor)pagefaults 0swaps


==================================================

Run 4:

Best Solution so far: 
[1, 2, 7, 3, 5, 9, 6, 4, 13, 8, 10, 14, 11, 12, 17, 18, 16, 24, 22, 20, 19, 15, 21, 30, 23, 25, 33, 34, 26, 29, 28, 32, 27, 42, 40, 31, 38, 39, 35, 44, 36, 37, 49, 47, 41, 51, 45, 46, 48, 52, 50, 43, 57, 62, 58, 56, 54, 60, 66, 59, 61, 53, 55, 64, 75, 68, 72, 67, 65, 73, 63, 71, 77, 74, 69, 78, 70, 83, 84, 76, 91, 82, 94, 92, 93, 81, 88, 79, 86, 85, 98, 80, 90, 87, 89, 97, 95, 99, 100, 101, 96, 102] 
[1, 1, 2, 1, 2, 0, 2, 0, 0, 1, 0, 1, 0, 0, 0, 0, 2, 1, 2, 1, 0, 0, 0, 0, 1, 1, 2, 0, 1, 0, 1, 1, 0, 0, 1, 0, 0, 0, 0, 1, 0, 1, 1, 1, 1, 2, 0, 1, 0, 2, 2, 0, 0, 2, 2, 0, 1, 2, 2, 2, 0, 0, 0, 1, 1, 1, 1, 0, 0, 0, 2, 0, 0, 0, 0, 1, 1, 0, 1, 0, 1, 0, 2, 0, 2, 1, 0, 1, 1, 0, 2, 0, 0, 2, 0, 0, 0, 2, 1, 0, 0, 0]
Project Length: 89
Non-renewable resources constrains met: True

28.44user 0.02system 0:26.70elapsed 106%CPU (0avgtext+0avgdata 26828maxresident)k
0inputs+0outputs (0major+3807minor)pagefaults 0swaps


==================================================

Run 5:

Best Solution so far: 
[1, 6, 4, 3, 2, 5, 13, 10, 12, 14, 9, 18, 11, 8, 19, 17, 16, 7, 26, 15, 22, 20, 21, 25, 28, 24, 23, 32, 30, 39, 34, 29, 44, 27, 33, 35, 45, 38, 36, 37, 42, 31, 40, 49, 41, 43, 47, 46, 48, 57, 50, 51, 55, 54, 60, 53, 56, 52, 58, 63, 61, 69, 64, 62, 66, 72, 75, 68, 59, 73, 77, 65, 67, 70, 94, 74, 71, 76, 92, 84, 78, 81, 82, 85, 87, 80, 93, 79, 88, 83, 90, 98, 101, 89, 97, 91, 100, 86, 96, 99, 95, 102] 
[1, 2, 1, 1, 0, 2, 0, 2, 0, 0, 0, 2, 0, 0, 1, 0, 0, 0, 0, 1, 0, 0, 0, 2, 1, 0, 0, 0, 0, 0, 1, 2, 0, 0, 0, 2, 2, 0, 1, 0, 0, 0, 0, 0, 1, 2, 0, 1, 0, 1, 0, 0, 2, 1, 0, 2, 1, 1, 0, 0, 0, 1, 2, 1, 0, 1, 1, 0, 1, 1, 2, 1, 0, 0, 1, 1, 0, 0, 1, 1, 0, 1, 2, 0, 1, 0, 0, 1, 0, 1, 1, 1, 0, 0, 2, 0, 1, 0, 0, 2, 1, 0]
Project Length: 85
Non-renewable resources constrains met: True

27.58user 0.03system 0:25.85elapsed 106%CPU (0avgtext+0avgdata 26768maxresident)k
0inputs+0outputs (0major+3803minor)pagefaults 0swaps


==================================================

Run 6:

Best Solution so far: 
[1, 4, 3, 7, 2, 5, 13, 14, 6, 9, 11, 15, 10, 17, 12, 8, 22, 19, 23, 20, 21, 26, 18, 24, 16, 32, 30, 28, 27, 39, 25, 44, 34, 29, 33, 35, 42, 45, 38, 31, 40, 37, 36, 51, 41, 47, 46, 49, 50, 43, 52, 48, 57, 53, 59, 58, 64, 56, 60, 55, 61, 72, 68, 65, 54, 66, 63, 69, 75, 62, 83, 73, 70, 74, 67, 71, 88, 78, 94, 80, 84, 77, 79, 76, 85, 81, 93, 98, 90, 91, 86, 82, 89, 87, 100, 92, 96, 99, 101, 97, 95, 102] 
[1, 1, 0, 0, 1, 2, 2, 0, 2, 1, 2, 1, 0, 1, 0, 0, 1, 1, 0, 1, 0, 1, 0, 0, 0, 0, 0, 1, 1, 0, 0, 1, 0, 0, 0, 0, 1, 0, 0, 0, 0, 1, 0, 0, 0, 1, 0, 1, 0, 1, 0, 0, 0, 1, 2, 0, 1, 0, 2, 1, 1, 0, 1, 1, 0, 1, 0, 2, 0, 0, 0, 1, 2, 0, 0, 0, 1, 0, 2, 0, 2, 1, 1, 2, 1, 1, 0, 0, 0, 1, 0, 0, 0, 0, 0, 2, 1, 0, 1, 0, 1, 2]
Project Length: 80
Non-renewable resources constrains met: True

28.07user 0.02system 0:26.21elapsed 107%CPU (0avgtext+0avgdata 26848maxresident)k
0inputs+0outputs (0major+3801minor)pagefaults 0swaps


==================================================

Run 7:

Best Solution so far: 
[1, 4, 12, 3, 2, 5, 6, 7, 10, 8, 13, 14, 21, 22, 11, 19, 15, 24, 16, 23, 9, 18, 17, 28, 20, 32, 25, 27, 39, 34, 30, 26, 37, 31, 44, 29, 35, 40, 33, 42, 38, 36, 41, 50, 43, 46, 49, 57, 45, 52, 51, 47, 48, 64, 55, 58, 66, 59, 61, 60, 56, 53, 54, 62, 65, 63, 77, 70, 67, 73, 68, 75, 74, 78, 72, 69, 84, 71, 76, 83, 81, 87, 82, 79, 88, 80, 100, 90, 86, 85, 93, 92, 98, 94, 101, 89, 91, 97, 96, 95, 99, 102] 
[0, 1, 0, 0, 0, 2, 1, 0, 1, 0, 1, 0, 0, 1, 0, 1, 0, 0, 0, 0, 0, 2, 0, 1, 2, 1, 0, 0, 1, 0, 0, 0, 1, 0, 1, 1, 1, 0, 0, 0, 0, 0, 0, 0, 1, 1, 0, 2, 1, 2, 1, 0, 0, 2, 1, 0, 0, 0, 1, 1, 2, 0, 2, 0, 1, 2, 2, 2, 0, 0, 0, 0, 0, 0, 0, 1, 2, 0, 0, 0, 0, 1, 2, 1, 1, 0, 1, 1, 0, 0, 2, 1, 0, 0, 2, 0, 0, 2, 0, 1, 2, 0]
Project Length: 85
Non-renewable resources constrains met: True

28.15user 0.02system 0:26.38elapsed 106%CPU (0avgtext+0avgdata 26720maxresident)k
0inputs+0outputs (0major+3799minor)pagefaults 0swaps


==================================================

Run 8:

Best Solution so far: 
[1, 7, 3, 6, 4, 2, 13, 5, 8, 12, 10, 14, 17, 19, 11, 26, 18, 9, 22, 15, 30, 23, 24, 21, 20, 25, 29, 16, 27, 34, 40, 33, 32, 28, 31, 35, 37, 45, 42, 44, 43, 38, 39, 47, 36, 51, 50, 57, 41, 46, 60, 48, 52, 56, 49, 62, 53, 68, 66, 64, 54, 58, 63, 55, 67, 61, 59, 72, 69, 73, 65, 74, 75, 70, 76, 78, 71, 82, 81, 88, 80, 77, 87, 79, 91, 93, 84, 94, 83, 92, 97, 86, 85, 100, 98, 99, 101, 89, 90, 95, 96, 102] 
[1, 1, 1, 1, 0, 0, 0, 1, 0, 0, 0, 2, 0, 1, 0, 1, 2, 0, 0, 0, 0, 0, 0, 0, 2, 2, 0, 0, 1, 0, 1, 0, 0, 1, 0, 0, 2, 2, 1, 1, 0, 0, 0, 1, 0, 0, 0, 2, 1, 0, 2, 1, 0, 0, 1, 0, 0, 2, 2, 2, 0, 1, 2, 0, 1, 0, 1, 2, 1, 0, 0, 0, 1, 0, 0, 0, 0, 2, 0, 2, 1, 0, 1, 1, 0, 0, 2, 0, 0, 1, 2, 1, 0, 2, 1, 0, 0, 0, 0, 0, 1, 1]
Project Length: 85
Non-renewable resources constrains met: True

27.20user 0.01system 0:25.35elapsed 107%CPU (0avgtext+0avgdata 26596maxresident)k
0inputs+0outputs (0major+3798minor)pagefaults 0swaps


==================================================

Run 9:

Best Solution so far: 
[1, 9, 2, 5, 3, 7, 4, 10, 11, 15, 14, 13, 6, 8, 23, 26, 17, 22, 16, 12, 21, 19, 30, 18, 25, 32, 20, 39, 40, 24, 44, 34, 33, 27, 35, 28, 29, 31, 42, 46, 37, 45, 47, 38, 36, 50, 49, 51, 43, 57, 41, 52, 56, 59, 66, 48, 60, 58, 53, 54, 61, 62, 64, 65, 63, 55, 75, 73, 67, 68, 72, 69, 71, 77, 81, 74, 88, 78, 85, 70, 82, 93, 80, 94, 76, 84, 92, 91, 83, 79, 90, 86, 87, 98, 97, 101, 89, 95, 100, 99, 96, 102] 
[1, 0, 1, 0, 1, 1, 0, 0, 2, 0, 2, 2, 0, 0, 0, 0, 0, 2, 0, 0, 0, 0, 0, 0, 1, 0, 1, 2, 0, 0, 2, 0, 2, 0, 0, 1, 1, 0, 0, 0, 1, 0, 2, 0, 2, 0, 1, 1, 0, 1, 0, 0, 2, 1, 2, 0, 0, 0, 2, 0, 2, 0, 1, 1, 2, 0, 2, 0, 0, 2, 2, 1, 0, 0, 0, 0, 2, 0, 0, 0, 0, 2, 1, 0, 0, 1, 2, 2, 0, 0, 0, 1, 0, 1, 1, 0, 1, 1, 0, 1, 0, 1]
Project Length: 85
Non-renewable resources constrains met: True

26.89user 0.02system 0:24.99elapsed 107%CPU (0avgtext+0avgdata 26520maxresident)k
0inputs+0outputs (0major+3800minor)pagefaults 0swaps


==================================================

Run 10:

Best Solution so far: 
[1, 2, 12, 9, 7, 5, 6, 3, 4, 8, 15, 13, 11, 22, 10, 26, 16, 14, 23, 24, 17, 19, 18, 21, 20, 34, 29, 27, 25, 28, 32, 30, 33, 40, 44, 42, 31, 35, 38, 36, 46, 37, 43, 50, 45, 47, 39, 41, 57, 48, 49, 51, 56, 60, 53, 62, 52, 64, 55, 59, 61, 54, 58, 65, 68, 63, 77, 67, 72, 66, 75, 73, 74, 70, 80, 69, 78, 71, 82, 99, 79, 85, 76, 94, 81, 83, 84, 93, 90, 88, 86, 101, 92, 87, 89, 91, 98, 96, 100, 97, 95, 102] 
[2, 1, 1, 1, 0, 0, 2, 1, 0, 0, 1, 0, 2, 0, 0, 1, 1, 0, 2, 0, 0, 0, 0, 0, 0, 0, 0, 1, 0, 2, 1, 0, 0, 2, 2, 1, 0, 0, 0, 0, 1, 0, 0, 0, 1, 1, 0, 0, 2, 2, 1, 0, 2, 0, 1, 2, 0, 1, 0, 1, 0, 0, 0, 2, 0, 2, 0, 0, 1, 0, 0, 1, 0, 1, 0, 1, 0, 0, 1, 0, 1, 0, 0, 1, 0, 1, 0, 2, 0, 0, 1, 0, 0, 1, 0, 1, 1, 0, 1, 0, 0, 0]
Project Length: 80
Non-renewable resources constrains met: True

26.83user 0.02system 0:24.93elapsed 107%CPU (0avgtext+0avgdata 26664maxresident)k
0inputs+0outputs (0major+3802minor)pagefaults 0swaps


==================================================

