Chains: 2
Steps: 5
Neighbours Initial N: 10000
Neighbours Increase Coefficient: 1
Temperature Max: 100
Temperature Increase Coefficient: 0.25


==================================================


==================================================

NEW INSTANCE: j3060_1
Run 1:

Best Solution so far: 
[1, 4, 2, 3, 7, 12, 11, 6, 14, 16, 18, 22, 20, 25, 5, 9, 8, 13, 17, 15, 19, 21, 28, 23, 10, 26, 27, 24, 31, 30, 29, 32] 
[0, 0, 0, 0, 0, 0, 1, 1, 0, 1, 0, 0, 0, 1, 0, 0, 0, 1, 0, 0, 1, 1, 1, 0, 1, 0, 0, 0, 0, 0, 0, 1]
Project Length: 22
Non-renewable resources constrains met: True

293.41user 0.02system 4:51.85elapsed 100%CPU (0avgtext+0avgdata 26724maxresident)k
0inputs+0outputs (0major+3772minor)pagefaults 0swaps


==================================================

Run 2:

Best Solution so far: 
[1, 4, 3, 2, 7, 11, 20, 13, 14, 6, 12, 18, 5, 8, 9, 15, 22, 19, 17, 25, 23, 28, 16, 10, 21, 26, 27, 24, 30, 31, 29, 32] 
[0, 0, 0, 0, 0, 0, 1, 1, 0, 1, 0, 0, 0, 2, 0, 0, 0, 1, 0, 1, 1, 0, 2, 1, 0, 0, 0, 0, 0, 1, 0, 2]
Project Length: 22
Non-renewable resources constrains met: True

262.33user 0.02system 4:20.43elapsed 100%CPU (0avgtext+0avgdata 26668maxresident)k
0inputs+0outputs (0major+3772minor)pagefaults 0swaps


==================================================

Run 3:

Best Solution so far: 
[1, 3, 4, 5, 7, 2, 11, 20, 13, 12, 14, 16, 22, 6, 9, 18, 25, 28, 8, 15, 23, 17, 19, 26, 10, 21, 24, 27, 30, 31, 29, 32] 
[2, 0, 0, 0, 0, 0, 0, 0, 1, 0, 0, 1, 0, 1, 0, 0, 0, 1, 2, 0, 2, 0, 1, 0, 0, 0, 0, 0, 0, 0, 0, 0]
Project Length: 22
Non-renewable resources constrains met: True

258.72user 0.02system 4:16.70elapsed 100%CPU (0avgtext+0avgdata 26664maxresident)k
0inputs+0outputs (0major+3769minor)pagefaults 0swaps


==================================================

Run 4:

Best Solution so far: 
[1, 3, 4, 2, 7, 6, 16, 12, 11, 14, 13, 18, 8, 17, 22, 5, 20, 9, 15, 25, 23, 28, 19, 26, 24, 21, 10, 27, 30, 31, 29, 32] 
[1, 0, 0, 0, 0, 1, 1, 0, 0, 0, 0, 0, 1, 0, 0, 1, 0, 0, 0, 0, 1, 2, 0, 0, 1, 0, 0, 0, 0, 1, 0, 1]
Project Length: 22
Non-renewable resources constrains met: True

252.88user 0.03system 4:10.84elapsed 100%CPU (0avgtext+0avgdata 26712maxresident)k
0inputs+0outputs (0major+3776minor)pagefaults 0swaps


==================================================

Run 5:

Best Solution so far: 
[1, 2, 4, 3, 7, 12, 14, 11, 6, 22, 13, 9, 20, 5, 17, 15, 8, 16, 18, 28, 23, 19, 21, 25, 24, 26, 27, 30, 10, 29, 31, 32] 
[0, 0, 0, 0, 0, 0, 0, 0, 1, 0, 0, 0, 0, 1, 0, 0, 0, 2, 0, 1, 1, 1, 0, 0, 0, 0, 0, 0, 0, 0, 0, 2]
Project Length: 22
Non-renewable resources constrains met: True

252.83user 0.02system 4:10.80elapsed 100%CPU (0avgtext+0avgdata 26592maxresident)k
0inputs+0outputs (0major+3770minor)pagefaults 0swaps


==================================================

Run 6:

Best Solution so far: 
[1, 4, 3, 2, 11, 7, 14, 13, 20, 6, 16, 12, 8, 22, 9, 15, 5, 18, 17, 25, 23, 28, 19, 24, 26, 21, 27, 10, 30, 31, 29, 32] 
[0, 0, 0, 0, 0, 0, 0, 0, 1, 1, 1, 0, 2, 0, 0, 0, 0, 0, 0, 0, 0, 0, 0, 1, 0, 0, 0, 0, 0, 1, 0, 0]
Project Length: 22
Non-renewable resources constrains met: True

255.07user 0.02system 4:13.01elapsed 100%CPU (0avgtext+0avgdata 26592maxresident)k
0inputs+0outputs (0major+3767minor)pagefaults 0swaps


==================================================

Run 7:

Best Solution so far: 
[1, 4, 11, 2, 7, 5, 3, 12, 6, 14, 22, 20, 17, 9, 13, 18, 8, 15, 23, 19, 10, 25, 16, 28, 21, 24, 26, 27, 30, 31, 29, 32] 
[1, 0, 0, 0, 0, 2, 0, 0, 1, 0, 0, 1, 1, 0, 0, 0, 0, 0, 1, 1, 2, 1, 0, 2, 1, 2, 0, 0, 0, 0, 0, 2]
Project Length: 22
Non-renewable resources constrains met: True

256.90user 0.01system 4:14.90elapsed 100%CPU (0avgtext+0avgdata 26720maxresident)k
0inputs+0outputs (0major+3774minor)pagefaults 0swaps


==================================================

Run 8:

Best Solution so far: 
[1, 2, 4, 11, 3, 5, 7, 12, 14, 13, 20, 6, 9, 8, 17, 15, 18, 16, 22, 19, 28, 21, 23, 24, 10, 25, 26, 30, 27, 31, 29, 32] 
[2, 0, 0, 0, 0, 0, 0, 0, 0, 2, 1, 1, 0, 1, 0, 0, 0, 1, 0, 1, 0, 2, 1, 0, 1, 0, 0, 0, 0, 0, 0, 1]
Project Length: 22
Non-renewable resources constrains met: True

249.28user 0.01system 4:07.22elapsed 100%CPU (0avgtext+0avgdata 26716maxresident)k
0inputs+0outputs (0major+3771minor)pagefaults 0swaps


==================================================

Run 9:

Best Solution so far: 
[1, 4, 2, 3, 7, 11, 12, 14, 6, 20, 17, 8, 5, 9, 18, 13, 25, 16, 22, 15, 23, 24, 19, 21, 28, 26, 10, 30, 27, 31, 29, 32] 
[1, 0, 0, 0, 0, 0, 0, 0, 0, 0, 0, 1, 1, 0, 0, 0, 0, 0, 0, 0, 1, 0, 1, 1, 0, 0, 0, 0, 0, 0, 0, 1]
Project Length: 22
Non-renewable resources constrains met: True

255.43user 0.02system 4:13.38elapsed 100%CPU (0avgtext+0avgdata 26720maxresident)k
0inputs+0outputs (0major+3771minor)pagefaults 0swaps


==================================================

Run 10:

Best Solution so far: 
[1, 2, 3, 4, 11, 7, 6, 12, 9, 14, 22, 8, 18, 20, 15, 13, 17, 5, 25, 19, 16, 21, 23, 28, 26, 27, 24, 10, 30, 31, 29, 32] 
[0, 0, 0, 0, 0, 0, 0, 0, 0, 0, 0, 1, 0, 1, 0, 0, 2, 0, 0, 1, 0, 0, 0, 1, 0, 0, 0, 0, 0, 1, 0, 2]
Project Length: 22
Non-renewable resources constrains met: True

255.08user 0.03system 4:13.14elapsed 100%CPU (0avgtext+0avgdata 26668maxresident)k
0inputs+0outputs (0major+3770minor)pagefaults 0swaps


==================================================


==================================================


==================================================

NEW INSTANCE: J5090_1
Run 1:

Best Solution so far: 
[1, 4, 6, 5, 9, 2, 10, 3, 7, 11, 8, 16, 12, 14, 13, 17, 20, 21, 15, 19, 18, 22, 27, 28, 26, 24, 25, 23, 32, 29, 36, 34, 33, 30, 38, 35, 31, 37, 39, 41, 40, 44, 42, 46, 51, 49, 43, 45, 47, 48, 50, 52] 
[1, 0, 0, 0, 0, 0, 2, 0, 0, 0, 0, 2, 0, 0, 1, 1, 1, 1, 0, 1, 0, 2, 0, 0, 0, 0, 1, 2, 0, 0, 0, 0, 2, 0, 2, 1, 0, 0, 0, 0, 1, 1, 0, 1, 2, 2, 0, 0, 1, 0, 0, 2]
Project Length: 54
Non-renewable resources constrains met: True

613.00user 0.02system 10:10.97elapsed 100%CPU (0avgtext+0avgdata 26748maxresident)k
0inputs+0outputs (0major+3778minor)pagefaults 0swaps


==================================================

Run 2:

Best Solution so far: 
[1, 5, 9, 2, 4, 6, 3, 16, 10, 13, 11, 8, 7, 12, 15, 14, 19, 17, 20, 21, 26, 18, 24, 22, 27, 23, 28, 29, 30, 32, 33, 25, 35, 31, 36, 34, 37, 40, 39, 38, 42, 46, 44, 51, 41, 45, 49, 43, 50, 47, 48, 52] 
[0, 0, 0, 0, 0, 0, 0, 1, 2, 2, 0, 1, 0, 0, 0, 0, 0, 0, 2, 1, 2, 0, 0, 1, 1, 1, 0, 0, 2, 0, 2, 1, 2, 0, 2, 1, 0, 1, 0, 0, 0, 1, 0, 1, 1, 0, 2, 0, 0, 1, 0, 1]
Project Length: 54
Non-renewable resources constrains met: True

611.14user 0.02system 10:09.08elapsed 100%CPU (0avgtext+0avgdata 26592maxresident)k
0inputs+0outputs (0major+3777minor)pagefaults 0swaps


==================================================

Run 3:

Best Solution so far: 
[1, 2, 6, 3, 5, 4, 7, 9, 16, 13, 11, 10, 8, 12, 14, 22, 19, 17, 15, 21, 20, 18, 25, 24, 23, 26, 27, 28, 29, 30, 33, 32, 34, 35, 31, 38, 36, 37, 39, 41, 40, 44, 42, 46, 49, 45, 43, 48, 51, 50, 47, 52] 
[2, 0, 0, 0, 0, 0, 0, 2, 0, 1, 0, 2, 1, 0, 0, 0, 1, 1, 0, 2, 1, 0, 2, 1, 1, 0, 0, 0, 0, 2, 0, 0, 0, 1, 0, 0, 1, 0, 0, 0, 1, 1, 0, 2, 1, 1, 0, 0, 0, 0, 0, 1]
Project Length: 54
Non-renewable resources constrains met: True

612.34user 0.02system 10:10.32elapsed 100%CPU (0avgtext+0avgdata 26720maxresident)k
0inputs+0outputs (0major+3790minor)pagefaults 0swaps


==================================================

Run 4:

Best Solution so far: 
[1, 5, 6, 2, 3, 4, 16, 8, 7, 11, 9, 10, 13, 12, 14, 15, 17, 21, 20, 19, 18, 23, 26, 24, 22, 27, 28, 32, 29, 30, 25, 33, 31, 37, 35, 34, 39, 38, 40, 36, 41, 51, 44, 42, 43, 45, 49, 46, 48, 47, 50, 52] 
[1, 0, 0, 0, 0, 0, 2, 1, 1, 0, 1, 2, 0, 0, 0, 0, 0, 1, 1, 2, 0, 2, 0, 0, 1, 0, 0, 1, 0, 2, 1, 2, 0, 0, 1, 0, 0, 0, 0, 0, 0, 1, 1, 0, 0, 0, 2, 0, 0, 0, 0, 0]
Project Length: 54
Non-renewable resources constrains met: True

612.66user 0.02system 10:10.62elapsed 100%CPU (0avgtext+0avgdata 26720maxresident)k
0inputs+0outputs (0major+3779minor)pagefaults 0swaps


==================================================

Run 5:

Best Solution so far: 
[1, 4, 6, 2, 5, 3, 7, 10, 8, 9, 16, 11, 12, 13, 21, 14, 15, 20, 22, 17, 19, 18, 26, 25, 24, 28, 27, 23, 29, 32, 30, 36, 34, 31, 33, 35, 38, 37, 39, 40, 46, 41, 44, 42, 43, 45, 51, 49, 47, 48, 50, 52] 
[2, 0, 0, 0, 0, 0, 2, 2, 1, 1, 2, 0, 0, 0, 0, 0, 0, 1, 2, 0, 2, 0, 1, 0, 2, 0, 1, 2, 0, 0, 1, 2, 0, 0, 0, 0, 0, 0, 0, 0, 1, 1, 0, 0, 0, 0, 0, 1, 1, 0, 0, 0]
Project Length: 54
Non-renewable resources constrains met: True

610.44user 0.01system 10:08.41elapsed 100%CPU (0avgtext+0avgdata 26736maxresident)k
0inputs+0outputs (0major+3779minor)pagefaults 0swaps


==================================================

Run 6:

Best Solution so far: 
[1, 5, 2, 6, 3, 4, 9, 10, 8, 11, 7, 16, 13, 12, 14, 21, 15, 19, 17, 18, 27, 23, 22, 20, 26, 24, 28, 29, 32, 25, 30, 33, 36, 35, 31, 38, 34, 40, 37, 39, 41, 42, 46, 44, 49, 43, 45, 48, 51, 47, 50, 52] 
[2, 0, 0, 0, 0, 0, 0, 1, 0, 0, 1, 2, 2, 0, 0, 1, 0, 0, 1, 0, 1, 1, 2, 0, 1, 1, 0, 0, 0, 1, 2, 1, 1, 0, 0, 0, 1, 0, 0, 0, 2, 0, 0, 0, 2, 0, 0, 0, 0, 1, 0, 1]
Project Length: 54
Non-renewable resources constrains met: True

606.60user 0.03system 10:04.59elapsed 100%CPU (0avgtext+0avgdata 26716maxresident)k
0inputs+0outputs (0major+3783minor)pagefaults 0swaps


==================================================

Run 7:

Best Solution so far: 
[1, 4, 6, 5, 2, 3, 8, 11, 16, 9, 10, 7, 13, 12, 14, 15, 20, 21, 19, 17, 27, 18, 22, 25, 26, 24, 28, 23, 29, 32, 31, 36, 30, 34, 35, 33, 38, 37, 39, 40, 46, 44, 41, 51, 42, 45, 50, 43, 49, 48, 47, 52] 
[2, 0, 0, 0, 0, 0, 1, 0, 1, 0, 2, 0, 0, 0, 0, 0, 0, 2, 2, 1, 0, 0, 0, 2, 1, 2, 0, 2, 0, 0, 0, 2, 0, 2, 0, 2, 1, 0, 0, 1, 0, 0, 1, 2, 0, 0, 0, 0, 2, 0, 1, 2]
Project Length: 54
Non-renewable resources constrains met: True

611.29user 0.02system 10:09.24elapsed 100%CPU (0avgtext+0avgdata 26460maxresident)k
0inputs+0outputs (0major+3775minor)pagefaults 0swaps


==================================================

Run 8:

Best Solution so far: 
[1, 5, 3, 6, 4, 7, 2, 11, 8, 13, 10, 12, 9, 15, 16, 14, 20, 19, 17, 22, 27, 21, 18, 28, 26, 25, 24, 23, 32, 29, 30, 33, 31, 34, 38, 35, 37, 36, 39, 41, 46, 44, 40, 42, 43, 45, 50, 49, 48, 47, 51, 52] 
[2, 0, 0, 0, 1, 2, 0, 0, 0, 2, 2, 0, 0, 0, 0, 0, 0, 2, 0, 2, 2, 1, 0, 0, 1, 1, 2, 0, 0, 0, 0, 1, 0, 1, 0, 0, 0, 0, 0, 2, 2, 2, 1, 0, 0, 0, 0, 0, 0, 0, 0, 0]
Project Length: 54
Non-renewable resources constrains met: True

608.73user 0.02system 10:06.67elapsed 100%CPU (0avgtext+0avgdata 26720maxresident)k
0inputs+0outputs (0major+3779minor)pagefaults 0swaps


==================================================

Run 9:

Best Solution so far: 
[1, 6, 2, 4, 5, 9, 3, 13, 7, 8, 11, 10, 12, 16, 14, 21, 20, 15, 22, 17, 26, 27, 19, 18, 25, 23, 24, 28, 29, 32, 34, 35, 30, 36, 33, 31, 37, 38, 39, 44, 40, 41, 51, 42, 46, 45, 50, 49, 43, 47, 48, 52] 
[1, 0, 0, 0, 0, 0, 0, 0, 2, 0, 0, 1, 0, 0, 1, 2, 2, 0, 1, 0, 1, 0, 0, 0, 1, 2, 1, 0, 0, 0, 2, 1, 0, 1, 0, 0, 0, 0, 0, 1, 0, 2, 0, 0, 0, 0, 1, 2, 0, 0, 0, 2]
Project Length: 54
Non-renewable resources constrains met: True

610.63user 0.03system 10:08.57elapsed 100%CPU (0avgtext+0avgdata 26592maxresident)k
0inputs+0outputs (0major+3781minor)pagefaults 0swaps


==================================================

Run 10:

Best Solution so far: 
[1, 4, 6, 3, 2, 5, 11, 9, 8, 7, 12, 10, 14, 13, 16, 15, 19, 21, 17, 22, 18, 20, 23, 24, 26, 27, 28, 32, 29, 30, 25, 36, 33, 31, 34, 37, 38, 39, 35, 41, 40, 42, 44, 46, 45, 49, 43, 48, 50, 51, 47, 52] 
[0, 1, 0, 1, 0, 0, 0, 1, 1, 1, 0, 2, 1, 1, 0, 0, 1, 0, 0, 2, 0, 0, 2, 2, 2, 2, 0, 0, 0, 1, 0, 0, 2, 0, 0, 0, 1, 0, 0, 0, 1, 0, 1, 0, 2, 2, 0, 0, 0, 1, 1, 1]
Project Length: 54
Non-renewable resources constrains met: True

609.35user 0.02system 10:07.29elapsed 100%CPU (0avgtext+0avgdata 26576maxresident)k
0inputs+0outputs (0major+3775minor)pagefaults 0swaps


==================================================


==================================================


==================================================

NEW INSTANCE: J10078_4
Run 1:

Best Solution so far: 
[1, 2, 7, 4, 12, 13, 5, 3, 6, 14, 15, 8, 23, 10, 19, 16, 17, 24, 9, 11, 26, 18, 20, 22, 21, 30, 28, 25, 32, 27, 44, 39, 29, 33, 40, 34, 35, 42, 31, 36, 46, 37, 43, 47, 45, 51, 41, 38, 49, 57, 52, 50, 48, 56, 58, 54, 64, 61, 60, 62, 53, 59, 65, 72, 55, 63, 73, 67, 77, 68, 83, 75, 71, 66, 69, 74, 88, 85, 70, 78, 76, 80, 79, 87, 94, 84, 81, 86, 92, 93, 82, 90, 89, 100, 97, 96, 101, 98, 99, 91, 95, 102] 
[1, 0, 2, 0, 1, 0, 0, 0, 1, 1, 0, 0, 2, 0, 1, 2, 1, 0, 0, 0, 0, 0, 2, 0, 0, 0, 0, 0, 0, 2, 2, 1, 1, 1, 2, 1, 0, 0, 0, 1, 1, 0, 1, 2, 2, 0, 1, 0, 1, 1, 0, 0, 0, 1, 0, 2, 0, 0, 0, 0, 0, 2, 1, 1, 0, 2, 0, 0, 2, 1, 0, 0, 0, 0, 0, 0, 0, 0, 1, 0, 0, 0, 0, 0, 0, 1, 0, 1, 0, 0, 1, 0, 0, 2, 1, 0, 0, 0, 1, 0, 0, 0]
Project Length: 68
Non-renewable resources constrains met: True

2284.88user 0.12system 38:02.97elapsed 100%CPU (0avgtext+0avgdata 26848maxresident)k
0inputs+0outputs (0major+3811minor)pagefaults 0swaps


==================================================

Run 2:

Best Solution so far: 
[1, 3, 12, 2, 7, 4, 10, 6, 15, 5, 13, 8, 9, 22, 17, 14, 19, 11, 25, 23, 30, 18, 24, 16, 26, 21, 27, 20, 28, 39, 32, 44, 34, 29, 42, 37, 31, 33, 35, 36, 46, 38, 40, 51, 50, 49, 47, 57, 45, 43, 41, 52, 54, 56, 53, 60, 59, 48, 55, 62, 64, 77, 61, 58, 67, 65, 66, 68, 71, 72, 75, 83, 63, 73, 74, 69, 85, 70, 82, 78, 76, 88, 86, 80, 91, 79, 81, 87, 99, 93, 97, 84, 89, 98, 100, 90, 96, 92, 101, 94, 95, 102] 
[2, 1, 0, 0, 0, 0, 0, 0, 2, 0, 0, 0, 0, 0, 0, 0, 1, 2, 2, 0, 2, 0, 0, 0, 1, 0, 1, 2, 1, 2, 0, 2, 0, 0, 0, 1, 0, 0, 0, 1, 1, 0, 1, 0, 0, 2, 1, 1, 0, 0, 0, 1, 0, 0, 1, 0, 1, 0, 0, 0, 0, 0, 0, 0, 0, 1, 0, 0, 0, 1, 1, 0, 0, 0, 0, 1, 0, 0, 0, 0, 0, 0, 2, 0, 1, 1, 0, 0, 0, 0, 0, 0, 0, 1, 1, 0, 0, 1, 0, 0, 0, 1]
Project Length: 67
Non-renewable resources constrains met: True

2234.32user 0.02system 37:12.28elapsed 100%CPU (0avgtext+0avgdata 26844maxresident)k
0inputs+0outputs (0major+3801minor)pagefaults 0swaps


==================================================

Run 3:

Best Solution so far: 
[1, 4, 2, 6, 5, 12, 7, 3, 13, 8, 9, 10, 26, 22, 14, 19, 17, 15, 11, 16, 24, 18, 20, 23, 28, 27, 21, 30, 25, 32, 29, 34, 44, 39, 35, 31, 37, 40, 33, 42, 38, 45, 46, 36, 47, 43, 49, 51, 50, 41, 52, 57, 60, 53, 56, 54, 48, 55, 59, 62, 64, 65, 58, 61, 63, 68, 66, 73, 72, 75, 69, 67, 70, 74, 83, 77, 71, 76, 80, 82, 86, 88, 84, 78, 94, 85, 81, 93, 87, 91, 79, 89, 92, 100, 90, 98, 97, 96, 95, 101, 99, 102] 
[2, 0, 0, 1, 0, 2, 0, 1, 0, 0, 1, 1, 0, 0, 2, 0, 0, 0, 0, 0, 1, 0, 0, 0, 2, 2, 0, 2, 0, 0, 1, 0, 2, 1, 0, 0, 1, 1, 0, 0, 0, 0, 0, 0, 1, 1, 1, 0, 0, 0, 0, 0, 0, 0, 0, 1, 0, 0, 1, 0, 2, 2, 0, 0, 1, 1, 0, 2, 0, 1, 1, 0, 0, 0, 1, 0, 0, 0, 0, 0, 1, 0, 1, 0, 2, 0, 0, 0, 1, 1, 1, 1, 2, 0, 0, 2, 0, 0, 1, 0, 1, 2]
Project Length: 67
Non-renewable resources constrains met: True

2238.56user 0.02system 37:16.55elapsed 100%CPU (0avgtext+0avgdata 26716maxresident)k
0inputs+0outputs (0major+3800minor)pagefaults 0swaps


==================================================

Run 4:

Best Solution so far: 
[1, 2, 12, 9, 6, 3, 7, 4, 13, 10, 15, 14, 5, 8, 11, 19, 17, 26, 16, 18, 22, 24, 20, 21, 23, 34, 27, 29, 30, 32, 28, 25, 33, 44, 40, 35, 39, 36, 46, 38, 37, 31, 42, 45, 43, 47, 41, 51, 50, 52, 57, 60, 53, 49, 56, 48, 61, 63, 64, 62, 59, 55, 54, 58, 66, 72, 67, 68, 73, 75, 69, 70, 65, 74, 78, 71, 80, 83, 77, 88, 76, 79, 91, 93, 81, 86, 92, 85, 82, 100, 94, 84, 90, 89, 87, 101, 99, 95, 96, 97, 98, 102] 
[2, 0, 0, 1, 1, 0, 0, 0, 2, 0, 1, 0, 0, 0, 2, 0, 1, 2, 1, 0, 0, 0, 1, 0, 0, 1, 1, 0, 0, 0, 2, 1, 0, 2, 1, 0, 1, 1, 1, 0, 0, 0, 1, 0, 0, 1, 1, 0, 0, 1, 1, 0, 0, 1, 0, 0, 2, 2, 2, 0, 2, 0, 0, 0, 0, 2, 1, 0, 1, 0, 0, 0, 1, 0, 0, 0, 0, 1, 0, 0, 0, 0, 1, 2, 0, 0, 2, 0, 1, 2, 1, 0, 0, 0, 0, 1, 1, 2, 0, 1, 0, 2]
Project Length: 67
Non-renewable resources constrains met: True

2248.71user 0.01system 37:26.67elapsed 100%CPU (0avgtext+0avgdata 26720maxresident)k
0inputs+0outputs (0major+3816minor)pagefaults 0swaps


==================================================

Run 5:

Best Solution so far: 
[1, 9, 3, 2, 4, 5, 6, 14, 10, 13, 7, 15, 12, 23, 8, 17, 22, 11, 26, 16, 19, 25, 28, 30, 20, 24, 18, 21, 40, 27, 32, 44, 29, 39, 34, 37, 42, 33, 35, 36, 38, 45, 31, 47, 41, 46, 51, 49, 43, 57, 50, 48, 66, 55, 60, 53, 56, 52, 59, 61, 58, 54, 65, 62, 77, 67, 64, 68, 63, 69, 73, 72, 70, 75, 74, 83, 71, 88, 93, 80, 81, 79, 76, 84, 85, 91, 86, 78, 82, 87, 100, 97, 99, 94, 89, 98, 90, 96, 92, 101, 95, 102] 
[1, 0, 1, 0, 0, 0, 0, 1, 0, 0, 0, 0, 0, 0, 0, 0, 2, 2, 1, 0, 0, 0, 2, 2, 0, 0, 0, 0, 1, 2, 0, 0, 0, 1, 1, 1, 1, 0, 0, 0, 0, 2, 0, 1, 0, 0, 0, 1, 1, 2, 0, 0, 1, 1, 1, 0, 0, 0, 0, 0, 0, 0, 0, 0, 1, 2, 2, 1, 1, 2, 2, 0, 1, 0, 0, 0, 0, 0, 2, 0, 0, 0, 0, 1, 0, 1, 1, 0, 0, 0, 0, 1, 1, 0, 0, 2, 0, 0, 1, 0, 0, 2]
Project Length: 67
Non-renewable resources constrains met: True

2242.84user 0.02system 37:20.80elapsed 100%CPU (0avgtext+0avgdata 26848maxresident)k
0inputs+0outputs (0major+3799minor)pagefaults 0swaps


==================================================

