Chains: 2
Steps: 10
Neighbours Initial N: 1000
Neighbours Increase Coefficient: 1
Temperature Max: 100
Temperature Increase Coefficient: 0.5


==================================================


==================================================

NEW INSTANCE: j3060_1
Run 1:

Best Solution so far: 
[1, 3, 4, 2, 7, 16, 14, 12, 5, 6, 18, 17, 22, 11, 9, 8, 15, 13, 20, 10, 23, 19, 28, 24, 21, 25, 26, 27, 30, 29, 31, 32] 
[0, 0, 0, 0, 0, 2, 0, 0, 2, 0, 2, 1, 0, 1, 0, 1, 0, 0, 0, 1, 0, 1, 1, 1, 0, 0, 0, 0, 0, 0, 1, 2]
Project Length: 22
Non-renewable resources constrains met: True

88.31user 0.03system 1:26.13elapsed 102%CPU (0avgtext+0avgdata 26720maxresident)k
0inputs+0outputs (0major+3780minor)pagefaults 0swaps


==================================================

Run 2:

Best Solution so far: 
[1, 3, 4, 2, 7, 14, 11, 6, 12, 16, 9, 22, 5, 8, 20, 13, 15, 17, 18, 19, 21, 28, 10, 23, 25, 26, 24, 27, 30, 29, 31, 32] 
[0, 0, 0, 0, 0, 0, 0, 0, 0, 1, 0, 0, 0, 2, 0, 0, 0, 2, 0, 0, 2, 2, 0, 1, 0, 0, 0, 0, 0, 0, 0, 0]
Project Length: 22
Non-renewable resources constrains met: True

93.27user 0.04system 1:31.42elapsed 102%CPU (0avgtext+0avgdata 26496maxresident)k
0inputs+0outputs (0major+3772minor)pagefaults 0swaps


==================================================

Run 3:

Best Solution so far: 
[1, 3, 4, 2, 7, 6, 5, 14, 12, 8, 11, 9, 22, 18, 16, 17, 13, 15, 21, 28, 20, 19, 25, 24, 23, 26, 27, 10, 30, 31, 29, 32] 
[2, 1, 0, 0, 0, 1, 0, 0, 0, 2, 0, 0, 0, 0, 2, 0, 0, 0, 2, 2, 0, 0, 1, 0, 0, 0, 0, 0, 0, 1, 0, 0]
Project Length: 22
Non-renewable resources constrains met: True

93.59user 0.21system 1:31.86elapsed 102%CPU (0avgtext+0avgdata 26804maxresident)k
0inputs+0outputs (0major+3775minor)pagefaults 0swaps


==================================================

Run 4:

Best Solution so far: 
[1, 4, 3, 7, 12, 2, 14, 11, 6, 16, 9, 22, 17, 18, 5, 8, 20, 15, 13, 19, 21, 23, 25, 28, 26, 10, 27, 24, 30, 31, 29, 32] 
[1, 0, 0, 0, 0, 0, 0, 0, 0, 1, 0, 0, 0, 0, 0, 2, 0, 0, 0, 0, 0, 0, 1, 1, 0, 0, 0, 0, 0, 1, 0, 2]
Project Length: 22
Non-renewable resources constrains met: True

90.70user 0.02system 1:29.65elapsed 101%CPU (0avgtext+0avgdata 26728maxresident)k
0inputs+0outputs (0major+3778minor)pagefaults 0swaps


==================================================

Run 5:

Best Solution so far: 
[1, 4, 2, 11, 7, 3, 5, 13, 6, 12, 14, 17, 8, 18, 16, 22, 9, 15, 20, 23, 28, 10, 25, 21, 24, 19, 26, 30, 27, 31, 29, 32] 
[0, 0, 0, 0, 0, 0, 1, 2, 1, 0, 0, 0, 0, 0, 1, 0, 0, 0, 0, 1, 1, 2, 0, 1, 1, 0, 0, 0, 0, 0, 0, 2]
Project Length: 22
Non-renewable resources constrains met: True

94.20user 0.02system 1:32.40elapsed 101%CPU (0avgtext+0avgdata 26728maxresident)k
0inputs+0outputs (0major+3785minor)pagefaults 0swaps


==================================================

Run 6:

Best Solution so far: 
[1, 3, 4, 7, 14, 2, 11, 13, 12, 6, 20, 22, 8, 16, 9, 18, 25, 17, 15, 5, 23, 28, 19, 10, 21, 26, 24, 31, 27, 30, 29, 32] 
[1, 0, 0, 0, 0, 0, 0, 1, 0, 0, 1, 0, 0, 0, 0, 0, 0, 1, 0, 0, 1, 1, 0, 0, 0, 0, 0, 0, 0, 0, 0, 2]
Project Length: 22
Non-renewable resources constrains met: True

93.56user 0.02system 1:31.63elapsed 102%CPU (0avgtext+0avgdata 26728maxresident)k
0inputs+0outputs (0major+3784minor)pagefaults 0swaps


==================================================

Run 7:

Best Solution so far: 
[1, 3, 4, 2, 7, 12, 11, 6, 14, 22, 8, 16, 5, 13, 9, 18, 20, 15, 28, 17, 19, 10, 23, 21, 25, 24, 26, 27, 30, 29, 31, 32] 
[2, 0, 0, 0, 0, 0, 1, 1, 0, 0, 0, 2, 0, 0, 0, 0, 1, 0, 1, 0, 1, 2, 1, 0, 1, 1, 0, 0, 0, 0, 1, 2]
Project Length: 22
Non-renewable resources constrains met: True

92.31user 0.03system 1:30.40elapsed 102%CPU (0avgtext+0avgdata 26608maxresident)k
0inputs+0outputs (0major+3775minor)pagefaults 0swaps


==================================================

Run 8:

Best Solution so far: 
[1, 4, 11, 2, 3, 5, 7, 14, 6, 16, 12, 13, 9, 22, 8, 18, 15, 25, 20, 28, 17, 21, 19, 23, 10, 26, 27, 24, 30, 29, 31, 32] 
[1, 0, 1, 0, 1, 1, 0, 0, 0, 1, 0, 1, 0, 0, 0, 0, 0, 0, 0, 0, 0, 2, 0, 1, 1, 0, 0, 0, 0, 0, 0, 1]
Project Length: 22
Non-renewable resources constrains met: True

92.87user 0.02system 1:30.94elapsed 102%CPU (0avgtext+0avgdata 26612maxresident)k
0inputs+0outputs (0major+3773minor)pagefaults 0swaps


==================================================

Run 9:

Best Solution so far: 
[1, 3, 4, 7, 11, 13, 2, 6, 12, 9, 14, 15, 5, 20, 8, 17, 16, 18, 22, 19, 25, 10, 28, 24, 23, 21, 26, 27, 31, 30, 29, 32] 
[2, 0, 0, 0, 0, 0, 0, 1, 0, 0, 0, 0, 1, 1, 2, 0, 1, 0, 0, 1, 1, 0, 0, 0, 0, 0, 0, 0, 0, 0, 0, 0]
Project Length: 22
Non-renewable resources constrains met: True

93.76user 0.01system 1:31.84elapsed 102%CPU (0avgtext+0avgdata 26736maxresident)k
0inputs+0outputs (0major+3786minor)pagefaults 0swaps


==================================================

Run 10:

Best Solution so far: 
[1, 3, 4, 2, 7, 11, 6, 14, 12, 20, 22, 16, 17, 9, 5, 18, 8, 15, 13, 21, 25, 10, 23, 19, 28, 26, 24, 27, 30, 29, 31, 32] 
[2, 0, 0, 0, 0, 1, 1, 0, 0, 0, 0, 2, 2, 0, 0, 0, 0, 0, 0, 2, 2, 1, 1, 0, 1, 0, 0, 0, 0, 0, 1, 0]
Project Length: 22
Non-renewable resources constrains met: True

93.80user 0.02system 1:31.88elapsed 102%CPU (0avgtext+0avgdata 26732maxresident)k
0inputs+0outputs (0major+3778minor)pagefaults 0swaps


==================================================


==================================================


==================================================

NEW INSTANCE: J5090_1
Run 1:

Best Solution so far: 
[1, 3, 5, 6, 2, 4, 9, 13, 8, 7, 11, 12, 14, 10, 16, 20, 17, 15, 19, 21, 18, 27, 22, 23, 24, 25, 28, 26, 32, 29, 30, 31, 33, 34, 36, 35, 38, 37, 39, 41, 44, 40, 46, 42, 49, 45, 51, 43, 47, 50, 48, 52] 
[2, 0, 0, 0, 0, 0, 0, 2, 0, 2, 0, 0, 0, 0, 0, 2, 0, 0, 1, 2, 0, 0, 0, 2, 1, 2, 0, 1, 0, 0, 0, 0, 0, 0, 1, 1, 0, 0, 0, 0, 0, 1, 0, 0, 2, 2, 2, 0, 1, 0, 0, 0]
Project Length: 54
Non-renewable resources constrains met: True

224.02user 0.02system 3:42.20elapsed 100%CPU (0avgtext+0avgdata 26664maxresident)k
0inputs+0outputs (0major+3788minor)pagefaults 0swaps


==================================================

Run 2:

Best Solution so far: 
[1, 2, 6, 5, 3, 9, 4, 11, 16, 13, 8, 12, 10, 7, 14, 19, 15, 17, 20, 27, 18, 22, 21, 24, 28, 26, 23, 29, 25, 32, 33, 30, 35, 31, 34, 38, 36, 37, 39, 51, 40, 41, 42, 46, 44, 45, 43, 47, 50, 49, 48, 52] 
[2, 0, 0, 0, 0, 0, 0, 0, 1, 0, 1, 0, 0, 0, 0, 2, 0, 1, 1, 2, 0, 1, 0, 1, 0, 2, 2, 0, 1, 0, 1, 0, 0, 0, 1, 0, 2, 0, 0, 1, 0, 2, 0, 2, 0, 0, 0, 1, 0, 0, 0, 1]
Project Length: 54
Non-renewable resources constrains met: True

222.70user 0.02system 3:40.82elapsed 100%CPU (0avgtext+0avgdata 26856maxresident)k
0inputs+0outputs (0major+3784minor)pagefaults 0swaps


==================================================

Run 3:

Best Solution so far: 
[1, 6, 9, 2, 4, 5, 10, 3, 7, 13, 11, 8, 16, 12, 14, 15, 20, 21, 19, 22, 17, 26, 27, 18, 24, 28, 23, 25, 32, 29, 30, 31, 35, 33, 36, 37, 34, 38, 39, 41, 44, 40, 42, 46, 45, 49, 43, 48, 50, 47, 51, 52] 
[2, 0, 0, 0, 0, 0, 2, 0, 1, 2, 0, 0, 2, 0, 1, 0, 2, 2, 2, 2, 0, 1, 0, 0, 1, 0, 2, 0, 0, 0, 1, 0, 0, 0, 1, 0, 0, 0, 0, 2, 0, 0, 0, 1, 0, 1, 0, 0, 0, 0, 2, 1]
Project Length: 54
Non-renewable resources constrains met: True

225.75user 0.34system 3:44.17elapsed 100%CPU (0avgtext+0avgdata 26556maxresident)k
0inputs+0outputs (0major+3785minor)pagefaults 0swaps


==================================================

Run 4:

Best Solution so far: 
[1, 4, 3, 6, 2, 5, 9, 16, 11, 13, 10, 8, 12, 7, 14, 21, 20, 15, 22, 17, 19, 25, 18, 24, 26, 27, 23, 28, 32, 29, 38, 36, 34, 33, 30, 31, 37, 39, 35, 46, 41, 40, 44, 42, 49, 43, 45, 50, 47, 48, 51, 52] 
[2, 1, 1, 0, 0, 0, 2, 0, 0, 1, 2, 1, 0, 1, 1, 2, 2, 0, 0, 1, 1, 1, 0, 0, 0, 0, 0, 0, 0, 0, 2, 0, 2, 1, 0, 0, 0, 0, 0, 1, 2, 1, 1, 0, 1, 0, 0, 0, 0, 0, 0, 0]
Project Length: 54
Non-renewable resources constrains met: True

212.70user 0.02system 3:30.83elapsed 100%CPU (0avgtext+0avgdata 26680maxresident)k
0inputs+0outputs (0major+3785minor)pagefaults 0swaps


==================================================

Run 5:

Best Solution so far: 
[1, 5, 3, 2, 6, 7, 9, 4, 11, 13, 10, 8, 12, 16, 14, 21, 22, 15, 17, 19, 18, 23, 20, 26, 24, 27, 28, 32, 25, 29, 31, 30, 35, 33, 34, 38, 36, 37, 39, 44, 40, 41, 42, 51, 46, 43, 45, 47, 50, 49, 48, 52] 
[2, 0, 0, 0, 0, 1, 0, 0, 0, 1, 1, 1, 0, 1, 1, 2, 0, 0, 1, 1, 0, 0, 0, 2, 1, 2, 0, 0, 1, 0, 0, 0, 0, 1, 2, 1, 2, 0, 0, 2, 0, 1, 0, 2, 1, 0, 0, 1, 0, 0, 0, 2]
Project Length: 54
Non-renewable resources constrains met: True

207.67user 0.02system 3:25.61elapsed 101%CPU (0avgtext+0avgdata 26724maxresident)k
0inputs+0outputs (0major+3795minor)pagefaults 0swaps


==================================================

Run 6:

Best Solution so far: 
[1, 5, 4, 2, 3, 6, 7, 11, 8, 13, 9, 16, 10, 12, 14, 15, 21, 17, 19, 27, 20, 18, 26, 22, 24, 28, 32, 23, 25, 29, 30, 35, 33, 34, 36, 31, 38, 37, 39, 41, 40, 42, 46, 44, 45, 43, 51, 49, 47, 48, 50, 52] 
[2, 0, 1, 0, 1, 0, 1, 0, 1, 2, 0, 2, 1, 0, 1, 0, 0, 0, 1, 2, 0, 0, 1, 0, 1, 0, 0, 0, 1, 0, 1, 0, 1, 0, 1, 0, 1, 0, 0, 2, 0, 0, 1, 0, 0, 0, 0, 0, 1, 0, 0, 0]
Project Length: 54
Non-renewable resources constrains met: True

207.47user 0.02system 3:25.49elapsed 100%CPU (0avgtext+0avgdata 26596maxresident)k
0inputs+0outputs (0major+3776minor)pagefaults 0swaps


==================================================

Run 7:

Best Solution so far: 
[1, 3, 2, 5, 6, 4, 9, 7, 8, 13, 11, 12, 10, 14, 21, 22, 17, 16, 15, 19, 20, 18, 27, 24, 28, 25, 26, 23, 32, 29, 30, 35, 36, 38, 31, 33, 34, 37, 39, 40, 41, 44, 42, 45, 51, 46, 49, 50, 43, 48, 47, 52] 
[2, 0, 0, 0, 0, 0, 2, 1, 1, 0, 0, 0, 0, 0, 0, 1, 0, 0, 0, 2, 1, 0, 1, 0, 0, 1, 0, 0, 0, 0, 2, 0, 2, 1, 0, 2, 1, 0, 0, 0, 1, 1, 0, 0, 2, 1, 0, 0, 0, 0, 1, 2]
Project Length: 54
Non-renewable resources constrains met: True

208.42user 0.17system 3:26.57elapsed 100%CPU (0avgtext+0avgdata 26728maxresident)k
0inputs+0outputs (0major+3782minor)pagefaults 0swaps


==================================================

Run 8:

Best Solution so far: 
[1, 3, 4, 5, 2, 6, 10, 11, 7, 13, 8, 9, 12, 16, 21, 14, 15, 20, 22, 17, 19, 18, 25, 27, 26, 23, 24, 28, 32, 29, 30, 33, 31, 35, 36, 38, 37, 34, 40, 39, 44, 46, 41, 42, 49, 45, 51, 43, 50, 48, 47, 52] 
[1, 1, 1, 0, 0, 0, 2, 0, 0, 0, 0, 0, 0, 0, 2, 1, 0, 1, 2, 1, 0, 0, 1, 1, 0, 1, 0, 0, 0, 0, 2, 0, 0, 1, 2, 0, 0, 0, 0, 0, 2, 1, 2, 0, 2, 0, 2, 0, 0, 0, 1, 2]
Project Length: 54
Non-renewable resources constrains met: True

209.79user 0.02system 3:27.81elapsed 100%CPU (0avgtext+0avgdata 26860maxresident)k
0inputs+0outputs (0major+3787minor)pagefaults 0swaps


==================================================

Run 9:

Best Solution so far: 
[1, 6, 2, 3, 5, 9, 4, 11, 10, 13, 8, 12, 16, 7, 15, 14, 19, 21, 22, 17, 26, 18, 20, 24, 27, 25, 23, 28, 29, 32, 33, 38, 35, 30, 31, 37, 36, 34, 39, 40, 51, 41, 46, 42, 45, 44, 50, 43, 47, 48, 49, 52] 
[0, 0, 0, 1, 0, 0, 0, 0, 1, 2, 0, 0, 0, 0, 0, 0, 2, 1, 1, 0, 2, 0, 0, 2, 0, 1, 1, 0, 0, 0, 1, 0, 1, 0, 0, 0, 0, 0, 0, 0, 2, 2, 1, 0, 0, 0, 1, 0, 1, 0, 0, 0]
Project Length: 54
Non-renewable resources constrains met: True

212.32user 0.03system 3:30.26elapsed 100%CPU (0avgtext+0avgdata 26728maxresident)k
0inputs+0outputs (0major+3791minor)pagefaults 0swaps


==================================================

Run 10:

Best Solution so far: 
[1, 2, 6, 4, 5, 3, 9, 13, 10, 16, 7, 8, 11, 12, 20, 15, 14, 21, 19, 17, 18, 27, 22, 24, 26, 28, 23, 32, 25, 29, 30, 33, 31, 37, 36, 38, 40, 35, 39, 34, 44, 41, 42, 51, 46, 45, 50, 43, 47, 48, 49, 52] 
[1, 0, 0, 0, 0, 0, 1, 1, 2, 1, 1, 1, 0, 0, 2, 0, 0, 0, 0, 1, 0, 2, 2, 0, 1, 0, 1, 2, 0, 0, 2, 2, 0, 0, 1, 2, 0, 0, 0, 0, 1, 0, 0, 1, 1, 0, 2, 0, 1, 0, 0, 2]
Project Length: 54
Non-renewable resources constrains met: True

206.59user 0.02system 3:24.67elapsed 100%CPU (0avgtext+0avgdata 26604maxresident)k
0inputs+0outputs (0major+3779minor)pagefaults 0swaps


==================================================


==================================================


==================================================

NEW INSTANCE: J10078_4
Run 1:

Best Solution so far: 
[1, 6, 2, 3, 7, 4, 10, 12, 13, 14, 8, 15, 9, 5, 19, 16, 17, 11, 23, 18, 20, 21, 28, 24, 22, 26, 27, 34, 39, 25, 44, 32, 30, 29, 33, 35, 37, 36, 42, 45, 38, 46, 40, 31, 41, 47, 49, 50, 51, 57, 43, 52, 58, 56, 59, 53, 48, 66, 60, 54, 55, 62, 61, 77, 64, 63, 73, 68, 67, 65, 75, 72, 71, 70, 69, 85, 74, 81, 82, 76, 80, 79, 83, 84, 92, 78, 88, 86, 94, 91, 89, 87, 93, 97, 90, 101, 100, 99, 98, 96, 95, 102] 
[2, 1, 0, 1, 0, 0, 0, 0, 0, 1, 0, 2, 1, 0, 0, 0, 1, 2, 0, 0, 1, 0, 2, 0, 1, 0, 2, 0, 1, 1, 2, 0, 0, 1, 0, 0, 0, 0, 0, 0, 0, 1, 1, 0, 0, 1, 1, 0, 0, 0, 0, 0, 0, 0, 2, 2, 0, 0, 0, 1, 0, 0, 1, 2, 2, 1, 0, 0, 0, 1, 0, 1, 0, 1, 1, 0, 0, 0, 2, 0, 0, 1, 0, 2, 2, 0, 0, 0, 0, 1, 0, 0, 0, 0, 0, 1, 1, 0, 0, 0, 1, 0]
Project Length: 63
Non-renewable resources constrains met: True

715.36user 0.02system 11:53.27elapsed 100%CPU (0avgtext+0avgdata 26796maxresident)k
0inputs+0outputs (0major+3803minor)pagefaults 0swaps


==================================================

Run 2:

Best Solution so far: 
[1, 3, 4, 2, 9, 5, 13, 12, 10, 7, 15, 8, 6, 14, 17, 11, 26, 22, 16, 19, 18, 20, 23, 30, 21, 44, 27, 39, 25, 32, 24, 34, 29, 35, 28, 33, 37, 31, 42, 36, 40, 38, 46, 41, 47, 43, 50, 49, 51, 57, 52, 45, 54, 56, 48, 66, 53, 58, 59, 55, 64, 60, 77, 61, 75, 72, 62, 65, 63, 68, 67, 73, 71, 85, 70, 69, 74, 80, 79, 94, 82, 78, 76, 81, 88, 86, 83, 90, 91, 93, 84, 89, 87, 92, 99, 100, 98, 97, 96, 101, 95, 102] 
[1, 0, 1, 0, 0, 0, 1, 1, 0, 0, 2, 0, 0, 0, 1, 0, 2, 2, 0, 1, 0, 1, 0, 0, 0, 2, 1, 1, 0, 0, 0, 1, 0, 0, 1, 0, 1, 0, 0, 0, 1, 0, 0, 0, 1, 1, 0, 1, 0, 2, 0, 0, 2, 0, 0, 0, 1, 0, 1, 0, 1, 0, 1, 0, 0, 0, 0, 1, 1, 0, 0, 0, 0, 0, 1, 1, 0, 0, 0, 0, 2, 0, 0, 0, 0, 0, 1, 1, 1, 0, 0, 0, 0, 0, 1, 1, 1, 0, 0, 0, 1, 0]
Project Length: 62
Non-renewable resources constrains met: True

698.08user 0.01system 11:35.86elapsed 100%CPU (0avgtext+0avgdata 26856maxresident)k
0inputs+0outputs (0major+3801minor)pagefaults 0swaps


==================================================

Run 3:

Best Solution so far: 
[1, 5, 4, 9, 3, 6, 12, 2, 13, 10, 14, 11, 8, 17, 7, 22, 16, 15, 19, 18, 26, 23, 21, 20, 24, 27, 34, 29, 32, 25, 39, 30, 35, 28, 31, 40, 33, 37, 44, 42, 45, 36, 38, 47, 43, 49, 57, 50, 46, 51, 41, 56, 60, 52, 48, 54, 53, 59, 65, 61, 66, 55, 58, 64, 62, 75, 72, 63, 67, 77, 68, 73, 69, 70, 83, 74, 76, 71, 86, 91, 80, 81, 78, 88, 84, 85, 82, 93, 94, 89, 92, 79, 87, 90, 99, 96, 95, 97, 98, 100, 101, 102] 
[0, 0, 1, 0, 0, 1, 1, 0, 1, 0, 1, 0, 0, 0, 0, 2, 0, 0, 0, 0, 0, 0, 0, 2, 0, 1, 0, 0, 0, 1, 1, 0, 0, 1, 0, 1, 0, 1, 0, 1, 0, 0, 0, 1, 0, 1, 2, 0, 0, 0, 1, 1, 0, 0, 0, 1, 0, 1, 2, 0, 1, 0, 0, 0, 0, 0, 1, 1, 1, 2, 0, 0, 1, 0, 1, 0, 0, 0, 1, 1, 0, 0, 0, 0, 1, 0, 1, 0, 0, 0, 1, 0, 0, 0, 0, 0, 1, 1, 0, 1, 1, 0]
Project Length: 63
Non-renewable resources constrains met: True

700.93user 0.02system 11:38.78elapsed 100%CPU (0avgtext+0avgdata 26852maxresident)k
0inputs+0outputs (0major+3802minor)pagefaults 0swaps


==================================================

Run 4:

Best Solution so far: 
[1, 2, 6, 7, 4, 3, 9, 10, 5, 14, 13, 8, 22, 17, 15, 11, 12, 19, 18, 20, 23, 16, 21, 26, 32, 24, 44, 28, 30, 27, 39, 25, 29, 34, 35, 33, 31, 46, 42, 36, 37, 47, 40, 38, 49, 45, 43, 51, 41, 57, 48, 55, 56, 60, 52, 50, 59, 53, 61, 54, 64, 58, 63, 62, 73, 68, 69, 65, 66, 72, 76, 67, 70, 77, 74, 75, 78, 87, 71, 88, 79, 84, 81, 82, 80, 85, 83, 86, 99, 91, 100, 90, 93, 101, 89, 94, 92, 98, 96, 95, 97, 102] 
[2, 0, 1, 0, 0, 0, 1, 0, 0, 0, 0, 0, 2, 0, 2, 2, 0, 0, 0, 0, 0, 1, 0, 0, 0, 0, 1, 1, 0, 1, 2, 0, 1, 0, 1, 0, 0, 1, 0, 0, 0, 1, 1, 0, 0, 1, 0, 0, 1, 2, 0, 1, 2, 0, 0, 0, 1, 0, 1, 1, 0, 0, 0, 0, 0, 0, 1, 1, 0, 0, 0, 0, 1, 1, 0, 0, 0, 1, 0, 0, 0, 2, 0, 0, 0, 0, 1, 0, 0, 1, 0, 0, 0, 0, 0, 1, 1, 2, 0, 0, 1, 0]
Project Length: 64
Non-renewable resources constrains met: True

710.88user 0.03system 11:49.00elapsed 100%CPU (0avgtext+0avgdata 26920maxresident)k
0inputs+0outputs (0major+3808minor)pagefaults 0swaps


==================================================

Run 5:


Command terminated by signal 11


==================================================

Run 6:

Best Solution so far: 
[1, 5, 2, 12, 7, 3, 10, 4, 6, 8, 9, 14, 22, 13, 15, 17, 19, 11, 24, 23, 18, 16, 25, 27, 21, 30, 20, 28, 37, 39, 26, 32, 44, 29, 34, 36, 33, 35, 31, 42, 46, 38, 47, 41, 40, 43, 45, 49, 51, 57, 48, 52, 50, 56, 64, 53, 59, 58, 54, 60, 55, 61, 62, 65, 72, 67, 75, 73, 69, 68, 77, 63, 66, 71, 84, 88, 74, 70, 76, 85, 82, 78, 81, 79, 94, 80, 92, 83, 86, 100, 101, 93, 89, 91, 90, 87, 97, 96, 95, 99, 98, 102] 
[2, 0, 0, 0, 1, 0, 0, 1, 0, 0, 0, 1, 1, 0, 0, 1, 0, 2, 0, 0, 0, 0, 1, 1, 0, 0, 2, 1, 1, 2, 0, 0, 1, 0, 0, 0, 0, 0, 0, 0, 0, 0, 1, 0, 1, 0, 1, 1, 0, 1, 0, 0, 0, 2, 1, 1, 2, 0, 1, 0, 0, 0, 0, 1, 1, 0, 1, 0, 1, 0, 2, 0, 0, 0, 0, 0, 0, 0, 0, 0, 1, 0, 0, 0, 0, 0, 1, 1, 0, 2, 0, 0, 0, 0, 0, 0, 0, 0, 1, 2, 0, 2]
Project Length: 64
Non-renewable resources constrains met: True

709.48user 0.04system 11:47.58elapsed 100%CPU (0avgtext+0avgdata 26860maxresident)k
0inputs+0outputs (0major+3802minor)pagefaults 0swaps


==================================================

Run 7:

Best Solution so far: 
[1, 6, 5, 2, 7, 12, 4, 13, 3, 9, 15, 11, 8, 14, 10, 19, 16, 17, 18, 26, 23, 21, 20, 22, 27, 28, 39, 24, 37, 34, 25, 30, 32, 29, 36, 33, 35, 42, 31, 47, 46, 38, 44, 40, 43, 45, 41, 51, 48, 49, 50, 56, 60, 53, 55, 57, 52, 61, 59, 66, 54, 64, 62, 58, 69, 63, 65, 73, 68, 77, 75, 67, 72, 74, 70, 76, 78, 71, 83, 81, 80, 88, 79, 84, 90, 85, 93, 98, 91, 86, 94, 89, 92, 87, 82, 99, 100, 96, 101, 95, 97, 102] 
[0, 0, 0, 0, 1, 1, 0, 0, 0, 1, 2, 2, 0, 2, 0, 1, 2, 1, 0, 2, 0, 0, 0, 0, 1, 0, 2, 0, 1, 1, 1, 0, 0, 0, 2, 0, 0, 1, 0, 1, 0, 0, 1, 0, 0, 0, 0, 0, 0, 1, 0, 0, 2, 2, 1, 0, 0, 0, 1, 0, 0, 0, 0, 0, 1, 1, 1, 0, 0, 2, 0, 0, 0, 0, 0, 0, 0, 0, 1, 0, 0, 0, 0, 0, 0, 0, 0, 0, 1, 0, 2, 0, 0, 1, 0, 2, 0, 0, 0, 0, 0, 1]
Project Length: 63
Non-renewable resources constrains met: True

710.91user 0.03system 11:48.92elapsed 100%CPU (0avgtext+0avgdata 26724maxresident)k
0inputs+0outputs (0major+3812minor)pagefaults 0swaps


==================================================

Run 8:


Command terminated by signal 11


==================================================

Run 9:

Best Solution so far: 
[1, 7, 2, 5, 3, 12, 4, 6, 9, 8, 10, 14, 13, 24, 15, 19, 17, 11, 16, 26, 18, 23, 21, 25, 28, 27, 20, 22, 32, 29, 39, 34, 30, 31, 42, 35, 37, 33, 36, 45, 40, 46, 38, 47, 41, 43, 44, 51, 50, 52, 49, 57, 59, 56, 60, 53, 48, 55, 54, 58, 61, 66, 62, 64, 77, 72, 68, 63, 67, 73, 75, 65, 71, 69, 85, 74, 70, 81, 79, 80, 88, 94, 82, 93, 84, 83, 76, 78, 86, 90, 100, 92, 89, 87, 91, 99, 101, 96, 98, 97, 95, 102] 
[1, 1, 0, 2, 1, 1, 1, 0, 0, 0, 0, 0, 0, 1, 0, 1, 0, 2, 0, 2, 0, 0, 0, 1, 2, 1, 2, 1, 0, 0, 1, 1, 0, 0, 0, 0, 0, 0, 0, 0, 0, 1, 2, 1, 0, 1, 0, 0, 0, 0, 1, 0, 2, 0, 0, 1, 0, 0, 1, 0, 2, 0, 0, 0, 0, 1, 0, 0, 0, 0, 0, 0, 0, 1, 0, 0, 0, 0, 0, 0, 0, 1, 2, 0, 2, 1, 0, 0, 0, 0, 2, 1, 0, 0, 1, 2, 1, 0, 1, 1, 0, 2]
Project Length: 64
Non-renewable resources constrains met: True

701.66user 0.08system 11:39.55elapsed 100%CPU (0avgtext+0avgdata 26852maxresident)k
0inputs+0outputs (0major+3803minor)pagefaults 0swaps


==================================================

Run 10:

Best Solution so far: 
[1, 9, 4, 2, 3, 5, 7, 13, 10, 12, 6, 14, 15, 8, 11, 17, 16, 19, 22, 18, 24, 23, 26, 28, 30, 27, 21, 20, 32, 29, 25, 34, 44, 39, 33, 42, 35, 36, 37, 46, 31, 38, 47, 40, 51, 49, 43, 45, 41, 57, 50, 48, 54, 53, 59, 56, 60, 52, 55, 64, 58, 61, 77, 75, 65, 63, 67, 68, 73, 62, 66, 69, 74, 72, 70, 71, 81, 76, 83, 94, 79, 85, 86, 93, 80, 88, 90, 78, 92, 100, 89, 91, 87, 82, 101, 84, 98, 99, 96, 97, 95, 102] 
[2, 1, 0, 0, 1, 0, 1, 0, 0, 1, 0, 2, 1, 0, 0, 0, 0, 1, 0, 2, 1, 0, 0, 2, 0, 1, 0, 0, 0, 0, 1, 0, 2, 0, 0, 0, 0, 0, 1, 1, 0, 0, 2, 1, 0, 1, 0, 1, 1, 1, 0, 0, 1, 2, 1, 0, 1, 0, 0, 2, 0, 0, 0, 0, 1, 0, 1, 0, 0, 0, 0, 1, 0, 0, 0, 0, 0, 0, 1, 0, 0, 0, 0, 0, 0, 0, 0, 0, 1, 1, 0, 2, 0, 0, 0, 0, 1, 0, 0, 1, 0, 2]
Project Length: 63
Non-renewable resources constrains met: True

699.67user 0.02system 11:37.46elapsed 100%CPU (0avgtext+0avgdata 26980maxresident)k
0inputs+0outputs (0major+3805minor)pagefaults 0swaps


==================================================

