Chains: 2
Steps: 5
Neighbours Initial N: 1000
Neighbours Increase Coefficient: 1
Temperature Max: 100
Temperature Increase Coefficient: 0.25


==================================================


==================================================

NEW INSTANCE: J10021_5
Run 1:

Best Solution so far: 
[1, 19, 2, 7, 6, 5, 3, 10, 4, 14, 9, 15, 13, 11, 18, 12, 17, 29, 23, 8, 39, 22, 30, 16, 40, 32, 45, 24, 25, 20, 37, 47, 43, 34, 31, 42, 38, 51, 27, 48, 55, 26, 49, 33, 54, 52, 28, 75, 65, 21, 101, 72, 35, 58, 63, 61, 36, 56, 70, 41, 46, 53, 95, 50, 74, 57, 60, 73, 100, 59, 94, 90, 44, 67, 64, 93, 85, 69, 91, 78, 68, 71, 89, 86, 88, 79, 80, 62, 97, 92, 87, 96, 84, 77, 83, 66, 98, 81, 99, 82, 76, 102] 
[0, 0, 0, 1, 2, 0, 0, 2, 1, 0, 0, 1, 1, 0, 2, 2, 0, 1, 1, 1, 1, 0, 1, 2, 0, 0, 1, 1, 1, 0, 0, 2, 0, 2, 0, 1, 2, 1, 0, 0, 2, 0, 1, 0, 0, 1, 1, 1, 1, 0, 2, 1, 1, 1, 1, 0, 1, 0, 0, 1, 0, 0, 0, 0, 1, 0, 0, 0, 2, 0, 2, 0, 0, 0, 0, 2, 1, 1, 1, 1, 2, 0, 0, 2, 2, 1, 2, 0, 2, 0, 1, 0, 1, 0, 0, 1, 0, 0, 0, 0, 1, 1]
Project Length: 33
Non-renewable resources constrains met: True

211.93user 0.02system 3:29.92elapsed 100%CPU (0avgtext+0avgdata 27080maxresident)k
0inputs+0outputs (0major+3825minor)pagefaults 0swaps


==================================================

Run 2:

Best Solution so far: 
[1, 18, 9, 19, 24, 14, 20, 11, 5, 10, 39, 15, 13, 29, 2, 6, 12, 30, 23, 7, 17, 8, 37, 21, 4, 45, 3, 25, 44, 27, 22, 33, 63, 64, 32, 28, 16, 26, 52, 65, 46, 43, 31, 50, 72, 55, 38, 42, 47, 54, 36, 75, 35, 34, 51, 49, 40, 98, 67, 53, 58, 48, 41, 73, 59, 56, 57, 95, 99, 61, 93, 91, 66, 74, 71, 70, 100, 89, 101, 85, 60, 68, 62, 88, 86, 90, 80, 97, 78, 82, 87, 79, 77, 94, 83, 69, 96, 84, 81, 76, 92, 102] 
[0, 1, 1, 0, 0, 2, 2, 1, 2, 0, 2, 0, 0, 1, 0, 0, 1, 1, 1, 1, 1, 0, 2, 1, 0, 0, 1, 1, 1, 2, 0, 1, 1, 1, 0, 0, 1, 1, 2, 0, 2, 0, 0, 0, 0, 0, 0, 1, 0, 2, 1, 2, 0, 0, 0, 1, 0, 0, 1, 0, 0, 0, 0, 2, 0, 0, 0, 0, 0, 0, 2, 0, 1, 0, 1, 1, 0, 2, 2, 2, 0, 0, 0, 2, 0, 0, 2, 1, 1, 2, 2, 1, 2, 0, 1, 1, 2, 0, 1, 2, 0, 0]
Project Length: 34
Non-renewable resources constrains met: True

204.48user 0.02system 3:22.27elapsed 101%CPU (0avgtext+0avgdata 26848maxresident)k
0inputs+0outputs (0major+3796minor)pagefaults 0swaps


==================================================

Run 3:

Best Solution so far: 
[1, 11, 24, 13, 6, 10, 2, 37, 12, 7, 8, 30, 9, 17, 23, 20, 14, 39, 29, 15, 21, 3, 19, 5, 16, 18, 4, 54, 60, 49, 27, 35, 48, 22, 65, 32, 64, 33, 45, 28, 26, 100, 34, 58, 46, 56, 43, 75, 31, 101, 25, 98, 51, 95, 61, 44, 59, 40, 52, 55, 47, 74, 70, 53, 41, 36, 68, 63, 38, 50, 42, 72, 62, 66, 57, 69, 99, 92, 91, 85, 71, 89, 97, 87, 83, 80, 73, 86, 67, 84, 88, 78, 77, 76, 96, 79, 82, 81, 90, 93, 94, 102] 
[1, 1, 1, 1, 1, 0, 0, 1, 0, 0, 0, 1, 0, 1, 2, 1, 0, 0, 2, 2, 1, 0, 1, 0, 2, 0, 0, 1, 1, 2, 0, 0, 1, 0, 1, 0, 2, 0, 0, 1, 0, 2, 2, 1, 0, 1, 1, 1, 2, 2, 1, 2, 0, 0, 1, 0, 0, 2, 1, 1, 2, 1, 2, 0, 1, 2, 2, 1, 1, 0, 0, 1, 0, 0, 0, 0, 1, 2, 0, 1, 1, 1, 2, 2, 2, 1, 0, 1, 0, 2, 0, 0, 0, 0, 1, 0, 1, 1, 2, 0, 0, 1]
Project Length: 34
Non-renewable resources constrains met: True

203.54user 0.02system 3:21.39elapsed 101%CPU (0avgtext+0avgdata 27036maxresident)k
0inputs+0outputs (0major+3795minor)pagefaults 0swaps


==================================================

Run 4:

Best Solution so far: 
[1, 24, 4, 12, 13, 3, 5, 2, 7, 15, 29, 11, 9, 20, 23, 39, 21, 14, 18, 8, 30, 19, 45, 17, 6, 10, 37, 34, 28, 26, 31, 27, 22, 44, 51, 32, 60, 101, 65, 59, 35, 25, 47, 38, 33, 42, 50, 36, 40, 72, 16, 41, 63, 74, 52, 49, 46, 57, 54, 69, 75, 71, 56, 99, 48, 61, 100, 87, 64, 53, 88, 43, 55, 58, 94, 83, 70, 96, 97, 92, 73, 62, 93, 84, 67, 91, 86, 89, 68, 78, 82, 90, 85, 77, 79, 81, 80, 66, 95, 98, 76, 102] 
[2, 1, 2, 1, 1, 1, 2, 0, 1, 2, 2, 1, 1, 0, 0, 0, 2, 1, 2, 1, 0, 2, 0, 1, 0, 0, 1, 1, 0, 2, 1, 2, 1, 0, 1, 2, 0, 2, 2, 2, 0, 0, 1, 0, 0, 0, 1, 1, 1, 0, 0, 1, 1, 1, 2, 1, 0, 1, 2, 1, 1, 2, 0, 1, 0, 1, 2, 0, 0, 0, 1, 1, 2, 1, 0, 0, 0, 0, 2, 2, 0, 1, 2, 1, 0, 2, 1, 1, 0, 1, 2, 1, 0, 0, 0, 0, 0, 1, 1, 0, 0, 2]
Project Length: 35
Non-renewable resources constrains met: True

203.02user 0.01system 3:20.81elapsed 101%CPU (0avgtext+0avgdata 26776maxresident)k
0inputs+0outputs (0major+3793minor)pagefaults 0swaps


==================================================

Run 5:

Best Solution so far: 
[1, 10, 30, 2, 24, 37, 13, 12, 14, 8, 6, 5, 3, 29, 23, 11, 21, 7, 20, 39, 4, 15, 17, 45, 9, 19, 18, 27, 16, 32, 25, 38, 52, 22, 49, 35, 58, 26, 60, 40, 59, 46, 98, 28, 42, 65, 43, 33, 31, 34, 101, 50, 61, 44, 51, 47, 48, 97, 72, 73, 54, 71, 64, 41, 55, 36, 69, 83, 56, 53, 66, 93, 74, 70, 62, 67, 85, 63, 68, 75, 88, 91, 89, 100, 86, 99, 90, 87, 94, 57, 82, 84, 77, 95, 92, 96, 78, 79, 80, 81, 76, 102] 
[2, 0, 1, 0, 1, 0, 0, 2, 2, 0, 0, 1, 2, 2, 1, 1, 0, 0, 1, 1, 1, 2, 0, 0, 0, 1, 1, 1, 0, 1, 0, 1, 2, 0, 2, 0, 1, 1, 0, 2, 2, 0, 2, 1, 1, 1, 0, 1, 0, 0, 1, 0, 2, 0, 1, 0, 0, 1, 0, 0, 1, 1, 1, 1, 0, 0, 0, 2, 0, 0, 2, 0, 2, 1, 1, 0, 2, 0, 1, 1, 2, 2, 1, 2, 2, 1, 1, 2, 0, 0, 2, 1, 1, 1, 0, 1, 1, 0, 1, 1, 1, 2]
Project Length: 35
Non-renewable resources constrains met: True

202.64user 0.01system 3:20.44elapsed 101%CPU (0avgtext+0avgdata 26972maxresident)k
0inputs+0outputs (0major+3800minor)pagefaults 0swaps


==================================================


==================================================


==================================================

NEW INSTANCE: J10023_4
Run 1:

Best Solution so far: 
[1, 25, 3, 22, 7, 24, 10, 18, 4, 14, 9, 29, 2, 32, 5, 16, 8, 23, 19, 43, 28, 42, 12, 31, 13, 6, 37, 45, 15, 33, 30, 17, 34, 11, 27, 20, 21, 61, 26, 40, 38, 41, 60, 100, 66, 35, 48, 50, 68, 47, 53, 64, 44, 96, 67, 39, 55, 52, 49, 54, 101, 57, 56, 51, 92, 46, 59, 58, 36, 81, 99, 62, 82, 88, 65, 70, 93, 71, 78, 63, 91, 94, 97, 90, 89, 87, 75, 77, 85, 98, 95, 83, 74, 69, 73, 72, 76, 84, 86, 80, 79, 102] 
[0, 0, 0, 1, 1, 2, 2, 2, 0, 0, 1, 1, 0, 1, 0, 0, 1, 0, 2, 1, 1, 2, 0, 0, 0, 0, 0, 2, 2, 2, 0, 1, 0, 0, 0, 0, 2, 1, 2, 0, 1, 1, 0, 0, 0, 0, 0, 2, 2, 0, 0, 1, 1, 1, 2, 0, 1, 1, 0, 0, 2, 0, 0, 1, 2, 1, 1, 1, 0, 0, 1, 1, 0, 1, 0, 0, 2, 1, 0, 0, 0, 1, 0, 0, 1, 0, 0, 1, 0, 1, 0, 1, 0, 0, 0, 0, 0, 1, 0, 0, 1, 2]
Project Length: 30
Non-renewable resources constrains met: True

201.59user 0.02system 3:19.32elapsed 101%CPU (0avgtext+0avgdata 30304maxresident)k
0inputs+48outputs (0major+4709minor)pagefaults 0swaps


==================================================

Run 2:

Best Solution so far: 
[1, 6, 32, 11, 7, 16, 3, 43, 33, 2, 8, 28, 4, 24, 23, 12, 5, 22, 9, 17, 14, 26, 15, 18, 21, 25, 10, 34, 39, 19, 45, 68, 31, 13, 20, 30, 60, 27, 37, 56, 47, 40, 29, 44, 57, 49, 48, 36, 41, 51, 35, 50, 38, 42, 55, 65, 59, 61, 62, 58, 46, 92, 91, 52, 54, 67, 66, 94, 73, 97, 93, 100, 86, 64, 98, 63, 90, 81, 74, 99, 84, 89, 78, 80, 95, 96, 76, 53, 79, 69, 72, 88, 101, 77, 87, 71, 83, 85, 82, 70, 75, 102] 
[2, 0, 2, 1, 1, 2, 0, 1, 0, 0, 0, 1, 0, 2, 1, 1, 0, 1, 2, 0, 0, 2, 0, 1, 1, 0, 0, 0, 2, 1, 1, 1, 0, 1, 0, 0, 1, 1, 0, 0, 2, 0, 1, 0, 1, 1, 1, 2, 0, 0, 0, 0, 0, 0, 0, 2, 0, 1, 0, 2, 0, 2, 2, 1, 0, 2, 0, 2, 1, 1, 1, 0, 0, 0, 2, 0, 1, 1, 2, 1, 0, 2, 0, 2, 2, 0, 0, 1, 2, 0, 1, 1, 0, 0, 2, 0, 0, 1, 0, 0, 0, 0]
Project Length: 32
Non-renewable resources constrains met: True

204.33user 0.02system 3:22.09elapsed 101%CPU (0avgtext+0avgdata 26972maxresident)k
0inputs+0outputs (0major+3791minor)pagefaults 0swaps


==================================================

Run 3:

Best Solution so far: 
[1, 8, 23, 2, 25, 5, 33, 11, 3, 4, 30, 43, 16, 28, 18, 7, 14, 9, 27, 15, 31, 19, 13, 22, 12, 24, 26, 17, 41, 6, 29, 20, 39, 34, 32, 10, 42, 40, 35, 53, 60, 21, 45, 50, 59, 101, 64, 96, 51, 38, 48, 49, 57, 37, 99, 52, 54, 56, 67, 36, 68, 93, 46, 58, 55, 47, 61, 66, 100, 95, 90, 62, 44, 71, 87, 81, 65, 82, 86, 70, 63, 92, 83, 69, 98, 77, 85, 97, 75, 76, 79, 94, 88, 78, 91, 89, 73, 72, 84, 74, 80, 102] 
[1, 0, 2, 0, 0, 2, 2, 2, 0, 0, 0, 0, 2, 2, 1, 1, 0, 0, 2, 0, 2, 0, 1, 0, 0, 0, 1, 1, 1, 0, 2, 0, 0, 0, 1, 1, 1, 0, 0, 2, 0, 0, 1, 1, 0, 0, 0, 0, 2, 0, 1, 0, 0, 1, 1, 0, 0, 1, 0, 0, 1, 1, 2, 1, 0, 1, 1, 2, 1, 0, 0, 1, 0, 0, 1, 1, 2, 1, 0, 0, 0, 2, 1, 1, 1, 2, 1, 2, 1, 0, 1, 0, 1, 1, 1, 1, 2, 0, 1, 0, 1, 2]
Project Length: 31
Non-renewable resources constrains met: True

200.62user 0.02system 3:18.43elapsed 101%CPU (0avgtext+0avgdata 26844maxresident)k
0inputs+0outputs (0major+3789minor)pagefaults 0swaps


==================================================

Run 4:

Best Solution so far: 
[1, 10, 31, 30, 16, 43, 2, 8, 4, 13, 22, 9, 5, 24, 14, 18, 11, 25, 17, 3, 7, 12, 49, 6, 29, 15, 26, 28, 45, 40, 27, 34, 53, 61, 20, 62, 19, 33, 39, 21, 47, 23, 48, 101, 35, 38, 32, 46, 95, 54, 64, 42, 41, 57, 37, 36, 55, 44, 86, 52, 66, 50, 98, 51, 63, 56, 58, 60, 100, 65, 97, 68, 67, 75, 59, 88, 92, 81, 79, 74, 78, 90, 84, 83, 73, 91, 70, 72, 82, 94, 99, 87, 85, 76, 71, 77, 80, 96, 89, 93, 69, 102] 
[2, 0, 1, 2, 0, 0, 0, 2, 1, 1, 0, 0, 0, 1, 2, 1, 1, 2, 0, 0, 0, 0, 0, 0, 1, 0, 2, 0, 2, 2, 1, 0, 1, 0, 1, 0, 0, 1, 0, 2, 0, 1, 0, 0, 0, 0, 1, 1, 1, 0, 2, 0, 0, 0, 0, 1, 0, 0, 0, 0, 2, 1, 2, 1, 2, 0, 1, 1, 0, 1, 0, 2, 0, 1, 0, 1, 1, 0, 0, 0, 0, 0, 1, 1, 1, 2, 0, 1, 0, 1, 1, 1, 1, 0, 1, 1, 1, 0, 1, 2, 0, 1]
Project Length: 31
Non-renewable resources constrains met: True

201.93user 0.02system 3:19.75elapsed 101%CPU (0avgtext+0avgdata 26844maxresident)k
0inputs+0outputs (0major+3794minor)pagefaults 0swaps


==================================================

Run 5:

Best Solution so far: 
[1, 33, 3, 5, 6, 27, 4, 9, 2, 8, 28, 29, 16, 23, 30, 49, 32, 15, 19, 17, 12, 13, 14, 7, 22, 21, 45, 40, 11, 34, 31, 25, 10, 24, 39, 26, 20, 48, 68, 43, 18, 57, 56, 61, 44, 67, 99, 52, 36, 42, 37, 41, 96, 55, 47, 38, 60, 100, 58, 50, 46, 35, 53, 51, 54, 63, 97, 65, 66, 76, 84, 64, 78, 79, 59, 77, 81, 62, 98, 87, 101, 80, 90, 83, 85, 86, 92, 82, 91, 71, 95, 70, 73, 94, 72, 75, 93, 88, 74, 89, 69, 102] 
[2, 1, 0, 1, 0, 1, 0, 0, 0, 0, 0, 1, 2, 0, 0, 1, 1, 2, 0, 0, 0, 0, 2, 0, 0, 1, 1, 0, 0, 1, 0, 2, 0, 1, 0, 0, 0, 0, 2, 2, 0, 0, 0, 2, 0, 2, 1, 2, 1, 0, 1, 0, 0, 0, 0, 0, 1, 2, 2, 1, 1, 0, 1, 0, 0, 0, 1, 0, 0, 0, 2, 0, 0, 0, 0, 1, 2, 0, 1, 0, 1, 1, 1, 0, 2, 1, 1, 1, 1, 2, 0, 2, 1, 1, 0, 0, 0, 1, 0, 0, 0, 1]
Project Length: 30
Non-renewable resources constrains met: True

202.22user 0.02system 3:20.01elapsed 101%CPU (0avgtext+0avgdata 26788maxresident)k
0inputs+0outputs (0major+3790minor)pagefaults 0swaps


==================================================

Run 6:

Best Solution so far: 
[1, 4, 2, 24, 3, 6, 32, 17, 13, 9, 12, 22, 21, 11, 7, 16, 25, 10, 31, 5, 23, 39, 18, 33, 30, 27, 53, 43, 28, 29, 14, 45, 8, 15, 49, 34, 38, 20, 44, 40, 61, 19, 58, 59, 57, 35, 41, 50, 26, 55, 52, 93, 54, 37, 66, 47, 62, 95, 100, 42, 46, 36, 60, 94, 48, 77, 65, 68, 51, 63, 83, 64, 81, 97, 74, 56, 96, 67, 71, 85, 91, 99, 86, 80, 88, 76, 98, 89, 92, 72, 79, 73, 101, 87, 75, 84, 69, 70, 90, 82, 78, 102] 
[2, 0, 0, 0, 1, 0, 1, 1, 1, 0, 0, 0, 2, 0, 0, 1, 2, 0, 2, 0, 1, 2, 1, 0, 2, 0, 2, 1, 1, 0, 1, 1, 1, 0, 0, 1, 0, 0, 1, 0, 0, 0, 1, 0, 0, 0, 2, 1, 0, 0, 0, 0, 0, 0, 0, 2, 2, 1, 1, 0, 0, 0, 1, 0, 0, 0, 0, 2, 0, 0, 0, 0, 0, 1, 1, 0, 0, 0, 1, 1, 1, 2, 2, 2, 1, 0, 1, 0, 1, 2, 1, 2, 1, 0, 2, 0, 0, 0, 0, 0, 0, 0]
Project Length: 31
Non-renewable resources constrains met: True

202.35user 0.02system 3:20.13elapsed 101%CPU (0avgtext+0avgdata 26912maxresident)k
0inputs+0outputs (0major+3791minor)pagefaults 0swaps


==================================================

Run 7:

Best Solution so far: 
[1, 16, 14, 9, 17, 8, 5, 2, 30, 11, 24, 7, 6, 12, 31, 13, 22, 3, 10, 28, 29, 26, 32, 4, 25, 39, 19, 41, 33, 23, 15, 49, 34, 18, 45, 40, 21, 27, 52, 20, 37, 42, 35, 48, 96, 95, 56, 43, 38, 59, 90, 54, 62, 93, 44, 61, 68, 64, 55, 36, 51, 57, 46, 60, 66, 53, 67, 58, 97, 86, 47, 63, 50, 85, 88, 101, 91, 73, 100, 75, 74, 83, 92, 65, 82, 78, 98, 94, 89, 87, 70, 72, 77, 81, 84, 99, 79, 69, 71, 76, 80, 102] 
[2, 1, 1, 2, 1, 1, 2, 0, 0, 0, 0, 0, 1, 1, 2, 1, 0, 0, 2, 1, 1, 1, 1, 0, 1, 0, 0, 1, 2, 0, 0, 1, 1, 0, 1, 0, 1, 1, 0, 0, 0, 0, 0, 1, 0, 2, 0, 0, 1, 0, 0, 0, 0, 0, 0, 0, 2, 1, 1, 0, 0, 0, 0, 2, 1, 1, 0, 2, 1, 0, 1, 0, 1, 2, 1, 0, 0, 2, 0, 2, 1, 1, 2, 2, 1, 0, 0, 1, 1, 2, 2, 0, 0, 1, 0, 2, 0, 0, 2, 0, 1, 0]
Project Length: 31
Non-renewable resources constrains met: True

201.72user 0.02system 3:19.50elapsed 101%CPU (0avgtext+0avgdata 26788maxresident)k
0inputs+0outputs (0major+3793minor)pagefaults 0swaps


==================================================

Run 8:

Best Solution so far: 
[1, 10, 7, 31, 28, 17, 25, 16, 4, 6, 19, 43, 5, 33, 14, 2, 3, 13, 22, 9, 24, 29, 18, 32, 30, 8, 23, 11, 40, 27, 37, 56, 21, 12, 34, 44, 20, 26, 15, 36, 35, 41, 58, 62, 51, 54, 42, 99, 46, 50, 55, 45, 38, 60, 39, 48, 64, 83, 49, 101, 57, 61, 66, 65, 53, 96, 59, 47, 52, 94, 63, 100, 87, 91, 70, 79, 75, 73, 97, 77, 93, 68, 92, 74, 67, 76, 80, 78, 84, 98, 88, 82, 81, 95, 85, 71, 90, 86, 89, 69, 72, 102] 
[1, 2, 1, 2, 0, 1, 0, 1, 2, 0, 1, 0, 0, 1, 0, 0, 1, 0, 0, 0, 0, 2, 2, 2, 2, 0, 0, 0, 0, 1, 1, 2, 0, 0, 0, 0, 0, 0, 0, 2, 0, 1, 2, 1, 0, 2, 0, 1, 0, 0, 2, 2, 0, 1, 0, 1, 2, 1, 0, 0, 0, 1, 2, 0, 0, 2, 1, 0, 0, 2, 0, 1, 2, 0, 0, 0, 0, 0, 0, 0, 1, 0, 0, 0, 0, 0, 1, 2, 0, 1, 0, 0, 1, 0, 2, 1, 0, 0, 1, 0, 0, 1]
Project Length: 31
Non-renewable resources constrains met: True

204.57user 0.01system 3:22.36elapsed 101%CPU (0avgtext+0avgdata 26844maxresident)k
0inputs+0outputs (0major+3791minor)pagefaults 0swaps


==================================================

Run 9:

Best Solution so far: 
[1, 29, 30, 8, 18, 43, 7, 9, 3, 31, 14, 22, 25, 2, 10, 6, 4, 5, 12, 19, 45, 42, 40, 11, 28, 39, 26, 16, 15, 17, 32, 23, 27, 34, 20, 38, 13, 35, 53, 24, 33, 48, 21, 52, 62, 59, 50, 55, 100, 46, 37, 63, 68, 47, 44, 56, 93, 36, 60, 64, 51, 58, 66, 54, 65, 41, 96, 57, 61, 98, 76, 88, 49, 97, 80, 92, 90, 73, 87, 84, 75, 67, 91, 99, 78, 86, 79, 70, 94, 101, 77, 72, 85, 81, 74, 89, 82, 95, 69, 71, 83, 102] 
[1, 1, 2, 2, 1, 1, 0, 0, 1, 2, 0, 1, 2, 0, 2, 0, 1, 0, 0, 1, 1, 2, 1, 0, 1, 0, 0, 0, 0, 1, 0, 2, 1, 0, 1, 0, 0, 0, 1, 1, 2, 1, 0, 1, 1, 0, 0, 0, 1, 0, 1, 0, 2, 0, 0, 0, 2, 0, 1, 1, 1, 1, 0, 1, 0, 0, 0, 1, 0, 0, 0, 0, 0, 1, 0, 2, 1, 2, 0, 1, 0, 0, 0, 2, 2, 0, 1, 2, 2, 0, 0, 1, 2, 0, 0, 1, 0, 1, 0, 0, 1, 1]
Project Length: 31
Non-renewable resources constrains met: True

201.95user 0.01system 3:19.76elapsed 101%CPU (0avgtext+0avgdata 26912maxresident)k
0inputs+0outputs (0major+3793minor)pagefaults 0swaps


==================================================

Run 10:

Best Solution so far: 
[1, 19, 32, 30, 22, 4, 2, 6, 16, 5, 23, 3, 10, 9, 27, 33, 25, 8, 17, 13, 11, 7, 24, 31, 12, 18, 29, 28, 21, 14, 38, 26, 34, 15, 43, 42, 20, 61, 68, 41, 48, 45, 37, 36, 35, 44, 58, 47, 40, 39, 60, 52, 50, 57, 54, 59, 53, 98, 96, 56, 55, 46, 67, 65, 99, 49, 64, 62, 82, 77, 85, 100, 63, 88, 80, 90, 66, 101, 71, 51, 92, 70, 93, 78, 86, 87, 81, 89, 97, 75, 73, 91, 83, 74, 76, 95, 79, 94, 84, 69, 72, 102] 
[1, 0, 0, 0, 0, 1, 0, 0, 0, 1, 0, 1, 0, 1, 2, 2, 1, 0, 2, 2, 1, 0, 0, 0, 0, 0, 1, 0, 2, 2, 0, 0, 0, 0, 0, 0, 1, 1, 2, 2, 0, 2, 0, 2, 0, 0, 0, 0, 0, 1, 1, 0, 0, 0, 0, 1, 0, 1, 0, 0, 1, 0, 1, 0, 1, 1, 0, 1, 1, 0, 2, 0, 0, 2, 1, 1, 1, 2, 0, 0, 0, 1, 1, 1, 0, 2, 0, 1, 1, 1, 0, 2, 0, 0, 0, 1, 1, 1, 0, 0, 0, 0]
Project Length: 29
Non-renewable resources constrains met: True

200.89user 0.01system 3:18.72elapsed 101%CPU (0avgtext+0avgdata 26840maxresident)k
0inputs+0outputs (0major+3788minor)pagefaults 0swaps


==================================================


==================================================


==================================================

NEW INSTANCE: J10028_3
Run 1:

Best Solution so far: 
[1, 2, 14, 17, 6, 3, 44, 15, 11, 4, 21, 38, 23, 25, 7, 19, 13, 12, 10, 8, 9, 5, 20, 26, 22, 16, 24, 28, 18, 56, 30, 48, 51, 32, 45, 73, 43, 35, 36, 54, 47, 62, 34, 29, 69, 60, 61, 41, 39, 37, 27, 42, 33, 40, 49, 71, 31, 64, 50, 58, 57, 67, 59, 66, 52, 65, 53, 63, 55, 91, 46, 87, 70, 84, 82, 72, 92, 68, 85, 74, 95, 90, 101, 86, 79, 99, 94, 93, 76, 78, 98, 77, 96, 75, 100, 80, 97, 83, 89, 81, 88, 102] 
[1, 0, 2, 2, 1, 0, 1, 1, 0, 1, 1, 2, 2, 0, 0, 1, 1, 0, 1, 2, 1, 2, 1, 0, 1, 1, 2, 1, 1, 1, 0, 1, 2, 1, 1, 0, 0, 2, 1, 2, 2, 2, 2, 1, 1, 2, 2, 0, 1, 0, 0, 0, 1, 0, 2, 0, 0, 0, 0, 2, 0, 0, 0, 1, 0, 0, 0, 0, 0, 1, 0, 2, 0, 0, 2, 0, 0, 1, 0, 2, 1, 2, 2, 1, 2, 1, 1, 2, 1, 0, 2, 2, 1, 2, 1, 2, 0, 1, 2, 0, 1, 0]
Project Length: 33
Non-renewable resources constrains met: True

197.70user 0.02system 3:15.49elapsed 101%CPU (0avgtext+0avgdata 30432maxresident)k
0inputs+48outputs (0major+4716minor)pagefaults 0swaps


==================================================

Run 2:

Best Solution so far: 
[1, 9, 12, 10, 25, 2, 3, 6, 15, 23, 21, 22, 5, 11, 14, 32, 4, 7, 16, 29, 19, 8, 13, 17, 38, 20, 34, 39, 24, 44, 26, 41, 35, 33, 47, 18, 31, 54, 45, 30, 27, 40, 52, 36, 42, 28, 48, 51, 49, 43, 37, 56, 57, 73, 50, 55, 60, 61, 70, 65, 97, 46, 71, 84, 95, 58, 86, 92, 62, 96, 99, 88, 101, 69, 94, 68, 87, 67, 59, 63, 93, 100, 98, 53, 82, 79, 80, 74, 81, 83, 72, 64, 76, 89, 91, 90, 85, 78, 66, 77, 75, 102] 
[2, 2, 1, 1, 0, 0, 0, 1, 2, 2, 0, 1, 2, 0, 0, 2, 0, 2, 1, 1, 1, 0, 1, 2, 2, 1, 0, 2, 1, 0, 0, 1, 0, 2, 2, 0, 1, 2, 2, 1, 2, 2, 1, 1, 2, 2, 1, 1, 1, 0, 1, 1, 0, 0, 0, 0, 2, 0, 2, 1, 0, 0, 0, 2, 2, 1, 2, 1, 1, 2, 2, 2, 2, 0, 1, 2, 2, 2, 0, 0, 1, 2, 2, 1, 2, 1, 1, 1, 2, 2, 0, 0, 0, 1, 1, 1, 0, 0, 0, 0, 1, 0]
Project Length: 33
Non-renewable resources constrains met: True

198.13user 0.02system 3:15.92elapsed 101%CPU (0avgtext+0avgdata 26908maxresident)k
0inputs+0outputs (0major+3799minor)pagefaults 0swaps


==================================================

Run 3:

Best Solution so far: 
[1, 2, 8, 12, 24, 6, 14, 21, 10, 38, 9, 4, 17, 7, 44, 26, 19, 3, 15, 16, 11, 18, 45, 22, 20, 41, 33, 5, 73, 25, 27, 32, 35, 23, 34, 42, 39, 72, 31, 70, 47, 60, 29, 62, 48, 28, 37, 13, 36, 43, 52, 61, 49, 55, 30, 56, 58, 40, 57, 67, 69, 53, 98, 51, 100, 87, 66, 46, 71, 90, 64, 54, 50, 76, 85, 59, 94, 96, 89, 77, 101, 82, 88, 99, 91, 65, 97, 84, 79, 83, 93, 80, 63, 86, 78, 81, 92, 68, 74, 95, 75, 102] 
[2, 0, 2, 1, 2, 0, 1, 1, 1, 2, 1, 1, 2, 0, 2, 1, 1, 0, 1, 2, 0, 1, 0, 0, 1, 1, 2, 2, 2, 0, 1, 1, 2, 0, 1, 0, 1, 2, 0, 2, 2, 1, 2, 1, 2, 0, 1, 0, 1, 1, 0, 2, 0, 1, 1, 1, 0, 2, 0, 0, 0, 0, 2, 1, 0, 1, 2, 0, 0, 2, 1, 0, 0, 1, 2, 0, 1, 1, 2, 1, 2, 1, 1, 2, 2, 0, 0, 2, 0, 1, 2, 0, 1, 2, 0, 0, 2, 1, 0, 1, 0, 0]
Project Length: 33
Non-renewable resources constrains met: True

197.19user 0.02system 3:15.02elapsed 101%CPU (0avgtext+0avgdata 26972maxresident)k
0inputs+0outputs (0major+3798minor)pagefaults 0swaps


==================================================

