Chains: 2
Steps: 5
Neighbours Initial N: 1000
Neighbours Increase Coefficient: 1
Temperature Max: 100
Temperature Increase Coefficient: 0.25


==================================================


==================================================

NEW INSTANCE: j3060_1
Run 1:

Best Solution so far: 
[1, 2, 4, 3, 11, 7, 12, 14, 6, 22, 13, 16, 18, 20, 17, 9, 25, 8, 5, 15, 10, 28, 23, 21, 19, 26, 24, 30, 27, 31, 29, 32] 
[0, 0, 0, 0, 0, 0, 0, 0, 1, 0, 2, 2, 0, 1, 0, 0, 0, 0, 1, 0, 2, 1, 0, 0, 0, 0, 1, 0, 0, 1, 0, 1]
Project Length: 22
Non-renewable resources constrains met: True

28.73user 0.02system 0:26.70elapsed 107%CPU (0avgtext+0avgdata 26724maxresident)k
0inputs+0outputs (0major+3775minor)pagefaults 0swaps


==================================================

Run 2:

Best Solution so far: 
[1, 4, 7, 11, 3, 13, 2, 14, 20, 12, 18, 9, 6, 8, 5, 16, 25, 15, 17, 22, 23, 19, 28, 26, 10, 21, 24, 31, 30, 27, 29, 32] 
[0, 0, 0, 0, 0, 1, 0, 0, 0, 0, 0, 0, 0, 1, 0, 2, 2, 0, 1, 0, 0, 1, 0, 0, 0, 0, 0, 0, 0, 0, 0, 1]
Project Length: 22
Non-renewable resources constrains met: True

28.90user 0.02system 0:26.99elapsed 107%CPU (0avgtext+0avgdata 26736maxresident)k
0inputs+0outputs (0major+3776minor)pagefaults 0swaps


==================================================

Run 3:

Best Solution so far: 
[1, 4, 3, 2, 11, 7, 14, 13, 12, 18, 20, 22, 6, 9, 5, 25, 15, 28, 8, 21, 16, 23, 17, 19, 10, 31, 26, 24, 27, 30, 29, 32] 
[0, 0, 0, 0, 0, 0, 0, 0, 0, 0, 0, 0, 1, 0, 1, 0, 0, 1, 1, 2, 1, 1, 0, 0, 0, 2, 0, 0, 0, 0, 0, 2]
Project Length: 22
Non-renewable resources constrains met: True

29.87user 0.02system 0:28.03elapsed 106%CPU (0avgtext+0avgdata 26728maxresident)k
0inputs+0outputs (0major+3786minor)pagefaults 0swaps


==================================================

Run 4:

Best Solution so far: 
[1, 4, 3, 7, 11, 20, 14, 13, 5, 12, 2, 6, 22, 17, 9, 18, 28, 25, 16, 23, 8, 15, 19, 24, 26, 10, 21, 27, 30, 29, 31, 32] 
[0, 0, 0, 0, 0, 0, 0, 1, 1, 0, 0, 0, 0, 0, 0, 0, 1, 0, 1, 1, 1, 0, 0, 0, 0, 0, 0, 0, 0, 0, 1, 1]
Project Length: 22
Non-renewable resources constrains met: True

30.40user 0.02system 0:28.58elapsed 106%CPU (0avgtext+0avgdata 26732maxresident)k
0inputs+0outputs (0major+3780minor)pagefaults 0swaps


==================================================

Run 5:

Best Solution so far: 
[1, 2, 3, 4, 7, 12, 6, 16, 14, 11, 5, 20, 22, 17, 9, 18, 8, 13, 23, 15, 25, 10, 19, 24, 21, 28, 26, 30, 27, 29, 31, 32] 
[0, 0, 0, 0, 0, 0, 0, 0, 0, 1, 1, 0, 0, 0, 0, 0, 1, 1, 2, 0, 0, 2, 0, 0, 1, 0, 0, 0, 0, 0, 1, 2]
Project Length: 22
Non-renewable resources constrains met: True

29.57user 0.02system 0:27.80elapsed 106%CPU (0avgtext+0avgdata 26736maxresident)k
0inputs+0outputs (0major+3775minor)pagefaults 0swaps


==================================================

Run 6:

Best Solution so far: 
[1, 4, 3, 2, 7, 14, 11, 12, 6, 22, 13, 5, 9, 20, 17, 8, 15, 18, 25, 23, 21, 19, 16, 28, 10, 26, 24, 31, 27, 30, 29, 32] 
[1, 0, 0, 0, 0, 1, 1, 0, 0, 0, 1, 0, 0, 0, 0, 1, 0, 0, 0, 0, 1, 1, 2, 1, 0, 0, 1, 0, 0, 0, 0, 2]
Project Length: 22
Non-renewable resources constrains met: True

30.03user 0.01system 0:28.11elapsed 106%CPU (0avgtext+0avgdata 26740maxresident)k
0inputs+0outputs (0major+3783minor)pagefaults 0swaps


==================================================

Run 7:

Best Solution so far: 
[1, 3, 4, 7, 2, 14, 11, 12, 5, 13, 22, 9, 6, 18, 15, 8, 20, 25, 28, 17, 23, 19, 21, 10, 26, 24, 16, 27, 30, 31, 29, 32] 
[1, 0, 0, 0, 0, 1, 1, 0, 2, 1, 0, 0, 0, 0, 0, 1, 0, 0, 2, 1, 0, 1, 2, 0, 0, 0, 0, 0, 0, 1, 0, 2]
Project Length: 22
Non-renewable resources constrains met: True

29.72user 0.01system 0:27.81elapsed 106%CPU (0avgtext+0avgdata 26404maxresident)k
0inputs+0outputs (0major+3771minor)pagefaults 0swaps


==================================================

Run 8:

Best Solution so far: 
[1, 2, 4, 7, 3, 6, 11, 12, 20, 9, 14, 13, 16, 5, 8, 22, 17, 15, 18, 25, 28, 23, 10, 19, 21, 24, 26, 31, 30, 27, 29, 32] 
[1, 0, 0, 0, 0, 0, 0, 0, 1, 0, 0, 1, 1, 0, 0, 0, 0, 0, 0, 1, 1, 0, 0, 0, 2, 1, 0, 0, 0, 0, 0, 0]
Project Length: 22
Non-renewable resources constrains met: True

30.27user 0.02system 0:28.46elapsed 106%CPU (0avgtext+0avgdata 26860maxresident)k
0inputs+0outputs (0major+3777minor)pagefaults 0swaps


==================================================

Run 9:

Best Solution so far: 
[1, 2, 3, 4, 7, 6, 14, 16, 5, 11, 12, 20, 17, 8, 13, 9, 22, 15, 18, 25, 10, 21, 23, 19, 24, 28, 26, 27, 30, 31, 29, 32] 
[0, 0, 1, 0, 0, 0, 0, 1, 1, 0, 0, 1, 0, 0, 1, 0, 0, 0, 0, 0, 2, 2, 1, 1, 0, 0, 0, 0, 0, 1, 0, 0]
Project Length: 22
Non-renewable resources constrains met: True

29.15user 0.03system 0:27.33elapsed 106%CPU (0avgtext+0avgdata 26604maxresident)k
0inputs+0outputs (0major+3770minor)pagefaults 0swaps


==================================================

Run 10:

Best Solution so far: 
[1, 3, 2, 4, 11, 7, 6, 13, 12, 20, 14, 9, 17, 22, 8, 5, 15, 16, 18, 19, 28, 24, 23, 10, 25, 21, 26, 27, 30, 29, 31, 32] 
[1, 0, 0, 0, 1, 0, 1, 0, 0, 0, 0, 0, 0, 0, 2, 0, 0, 2, 0, 1, 1, 0, 1, 1, 1, 2, 0, 0, 0, 0, 1, 0]
Project Length: 22
Non-renewable resources constrains met: True

29.93user 0.03system 0:28.19elapsed 106%CPU (0avgtext+0avgdata 26520maxresident)k
0inputs+0outputs (0major+3770minor)pagefaults 0swaps


==================================================


==================================================


==================================================

NEW INSTANCE: J5090_1
Run 1:

Best Solution so far: 
[1, 4, 2, 5, 6, 3, 10, 11, 8, 16, 13, 9, 7, 12, 15, 14, 17, 21, 19, 18, 20, 22, 26, 25, 28, 24, 27, 23, 29, 33, 32, 30, 36, 34, 31, 35, 38, 37, 39, 40, 42, 46, 44, 41, 51, 45, 43, 49, 50, 47, 48, 52] 
[0, 0, 0, 0, 0, 0, 2, 0, 1, 0, 2, 1, 0, 0, 0, 0, 1, 2, 1, 0, 0, 0, 2, 1, 0, 0, 0, 2, 0, 1, 0, 2, 2, 2, 0, 2, 2, 0, 0, 1, 0, 0, 1, 0, 1, 0, 0, 0, 0, 0, 0, 0]
Project Length: 54
Non-renewable resources constrains met: True

68.70user 0.02system 1:06.84elapsed 102%CPU (0avgtext+0avgdata 26728maxresident)k
0inputs+0outputs (0major+3777minor)pagefaults 0swaps


==================================================

Run 2:

Best Solution so far: 
[1, 3, 2, 6, 5, 4, 10, 8, 9, 7, 11, 16, 20, 21, 14, 12, 15, 19, 13, 17, 18, 27, 22, 24, 26, 25, 23, 28, 32, 29, 33, 30, 31, 36, 37, 38, 34, 40, 39, 35, 44, 51, 46, 41, 42, 45, 43, 47, 50, 49, 48, 52] 
[2, 0, 0, 0, 0, 0, 1, 0, 0, 0, 1, 1, 2, 2, 1, 0, 0, 2, 1, 0, 0, 1, 0, 0, 0, 1, 1, 0, 2, 0, 1, 1, 0, 0, 0, 0, 1, 0, 0, 0, 2, 1, 2, 1, 0, 1, 0, 1, 0, 0, 0, 1]
Project Length: 55
Non-renewable resources constrains met: True

70.59user 0.03system 1:08.86elapsed 102%CPU (0avgtext+0avgdata 26600maxresident)k
0inputs+0outputs (0major+3784minor)pagefaults 0swaps


==================================================

Run 3:

Best Solution so far: 
[1, 6, 2, 4, 5, 3, 8, 10, 7, 9, 11, 16, 13, 12, 14, 17, 19, 15, 20, 18, 21, 27, 22, 26, 24, 28, 23, 25, 32, 29, 30, 38, 33, 36, 35, 31, 37, 39, 40, 34, 41, 42, 51, 46, 45, 44, 43, 48, 50, 49, 47, 52] 
[2, 0, 0, 0, 0, 0, 1, 0, 1, 1, 0, 1, 1, 0, 0, 1, 1, 0, 2, 0, 1, 2, 2, 0, 2, 0, 1, 1, 0, 0, 2, 1, 1, 0, 2, 0, 0, 0, 0, 1, 0, 0, 0, 0, 0, 0, 0, 0, 0, 0, 1, 2]
Project Length: 54
Non-renewable resources constrains met: True

72.04user 0.02system 1:10.21elapsed 102%CPU (0avgtext+0avgdata 26588maxresident)k
0inputs+0outputs (0major+3785minor)pagefaults 0swaps


==================================================

Run 4:

Best Solution so far: 
[1, 3, 5, 6, 4, 2, 9, 13, 11, 16, 8, 10, 7, 12, 14, 20, 21, 15, 22, 17, 19, 25, 18, 27, 26, 28, 23, 24, 32, 29, 30, 31, 33, 36, 34, 38, 35, 37, 39, 40, 44, 41, 46, 42, 45, 49, 43, 47, 48, 51, 50, 52] 
[1, 0, 0, 0, 0, 0, 2, 0, 0, 2, 1, 0, 1, 0, 1, 2, 0, 0, 0, 0, 2, 1, 0, 1, 0, 0, 1, 1, 0, 0, 1, 0, 0, 1, 1, 1, 0, 0, 0, 1, 0, 2, 0, 0, 1, 2, 0, 1, 0, 0, 0, 0]
Project Length: 54
Non-renewable resources constrains met: True

69.55user 0.02system 1:07.62elapsed 102%CPU (0avgtext+0avgdata 26464maxresident)k
0inputs+0outputs (0major+3780minor)pagefaults 0swaps


==================================================

Run 5:

Best Solution so far: 
[1, 2, 3, 6, 5, 9, 4, 11, 10, 13, 7, 8, 16, 12, 14, 15, 17, 21, 18, 19, 22, 20, 24, 28, 27, 23, 25, 26, 32, 29, 33, 35, 36, 34, 31, 30, 38, 37, 39, 44, 40, 42, 51, 41, 46, 49, 43, 45, 50, 48, 47, 52] 
[0, 0, 1, 0, 0, 0, 0, 0, 1, 1, 1, 0, 1, 0, 1, 0, 0, 2, 0, 0, 2, 1, 2, 0, 2, 1, 1, 0, 0, 0, 2, 1, 1, 0, 0, 0, 1, 0, 0, 1, 0, 0, 1, 0, 0, 1, 0, 0, 0, 0, 1, 1]
Project Length: 54
Non-renewable resources constrains met: True

69.11user 0.03system 1:07.25elapsed 102%CPU (0avgtext+0avgdata 26724maxresident)k
0inputs+0outputs (0major+3796minor)pagefaults 0swaps


==================================================

Run 6:

Best Solution so far: 
[1, 6, 3, 5, 9, 2, 4, 16, 11, 10, 8, 7, 12, 13, 14, 20, 17, 21, 15, 19, 27, 18, 26, 24, 22, 23, 28, 29, 25, 32, 34, 30, 35, 38, 36, 33, 31, 37, 39, 41, 40, 44, 46, 42, 45, 43, 49, 47, 50, 48, 51, 52] 
[1, 0, 0, 0, 2, 0, 0, 1, 0, 0, 1, 1, 0, 0, 0, 1, 1, 2, 0, 1, 1, 0, 1, 1, 0, 0, 0, 0, 1, 0, 1, 0, 1, 1, 0, 2, 0, 0, 0, 2, 1, 2, 1, 0, 1, 0, 1, 0, 0, 0, 1, 2]
Project Length: 54
Non-renewable resources constrains met: True

68.95user 0.02system 1:07.04elapsed 102%CPU (0avgtext+0avgdata 26728maxresident)k
0inputs+0outputs (0major+3780minor)pagefaults 0swaps


==================================================

Run 7:

Best Solution so far: 
[1, 5, 3, 2, 6, 7, 4, 11, 10, 13, 8, 16, 9, 12, 14, 22, 19, 20, 17, 15, 21, 25, 18, 27, 24, 28, 32, 26, 23, 29, 33, 35, 34, 38, 36, 30, 31, 37, 39, 40, 41, 44, 42, 45, 46, 43, 49, 47, 48, 50, 51, 52] 
[2, 0, 0, 0, 0, 2, 0, 0, 0, 1, 1, 1, 0, 0, 0, 0, 0, 1, 1, 0, 1, 1, 0, 2, 1, 2, 2, 1, 0, 0, 1, 1, 0, 2, 1, 0, 0, 0, 0, 1, 0, 0, 0, 0, 1, 0, 2, 0, 0, 0, 0, 2]
Project Length: 55
Non-renewable resources constrains met: True

69.77user 0.02system 1:07.84elapsed 102%CPU (0avgtext+0avgdata 26668maxresident)k
0inputs+0outputs (0major+3785minor)pagefaults 0swaps


==================================================

Run 8:

Best Solution so far: 
[1, 6, 4, 9, 2, 5, 3, 16, 13, 11, 8, 12, 7, 10, 14, 21, 15, 19, 17, 20, 27, 18, 22, 26, 24, 28, 23, 25, 32, 38, 29, 33, 34, 35, 31, 36, 30, 37, 39, 41, 40, 46, 42, 51, 44, 43, 49, 45, 47, 48, 50, 52] 
[1, 0, 0, 0, 0, 0, 0, 1, 2, 0, 0, 0, 0, 0, 1, 2, 0, 1, 0, 1, 0, 0, 0, 2, 2, 0, 2, 0, 0, 1, 0, 1, 2, 0, 0, 0, 0, 0, 0, 2, 1, 2, 0, 2, 1, 0, 2, 0, 0, 0, 0, 0]
Project Length: 54
Non-renewable resources constrains met: True

72.18user 0.02system 1:10.28elapsed 102%CPU (0avgtext+0avgdata 26728maxresident)k
0inputs+0outputs (0major+3783minor)pagefaults 0swaps


==================================================

Run 9:

Best Solution so far: 
[1, 4, 2, 5, 6, 3, 8, 11, 13, 7, 16, 9, 12, 10, 20, 14, 21, 15, 17, 19, 18, 22, 24, 23, 28, 26, 32, 29, 25, 27, 36, 33, 30, 35, 31, 38, 37, 34, 39, 40, 51, 41, 42, 44, 43, 46, 49, 45, 48, 50, 47, 52] 
[1, 0, 0, 0, 0, 0, 0, 0, 1, 1, 1, 0, 0, 0, 2, 1, 0, 0, 0, 0, 0, 2, 0, 2, 2, 1, 2, 0, 1, 0, 0, 0, 0, 0, 0, 0, 0, 1, 0, 0, 1, 1, 0, 1, 0, 0, 2, 0, 0, 0, 0, 2]
Project Length: 55
Non-renewable resources constrains met: True

70.09user 0.03system 1:08.19elapsed 102%CPU (0avgtext+0avgdata 26628maxresident)k
0inputs+0outputs (0major+3793minor)pagefaults 0swaps


==================================================

Run 10:

Best Solution so far: 
[1, 3, 2, 6, 5, 4, 11, 10, 9, 7, 13, 8, 12, 16, 22, 15, 14, 21, 17, 19, 18, 25, 26, 28, 20, 24, 23, 27, 29, 31, 32, 35, 30, 33, 37, 34, 36, 39, 38, 44, 40, 41, 42, 46, 51, 43, 49, 45, 47, 48, 50, 52] 
[2, 0, 0, 0, 0, 0, 0, 2, 1, 1, 2, 0, 0, 1, 1, 0, 0, 1, 1, 1, 0, 0, 1, 2, 1, 0, 0, 1, 0, 0, 0, 0, 0, 1, 0, 1, 0, 0, 1, 2, 0, 1, 0, 1, 0, 0, 0, 0, 0, 0, 0, 2]
Project Length: 56
Non-renewable resources constrains met: True

70.05user 0.02system 1:08.21elapsed 102%CPU (0avgtext+0avgdata 26860maxresident)k
0inputs+0outputs (0major+3785minor)pagefaults 0swaps


==================================================


==================================================


==================================================

NEW INSTANCE: J10078_4
Run 1:

Best Solution so far: 
[1, 2, 7, 4, 3, 13, 9, 5, 12, 6, 14, 8, 16, 11, 10, 24, 19, 22, 15, 20, 17, 18, 21, 32, 23, 29, 30, 44, 27, 28, 26, 25, 34, 33, 31, 42, 38, 35, 46, 36, 37, 45, 40, 41, 47, 39, 49, 57, 43, 51, 56, 48, 60, 50, 52, 66, 55, 53, 54, 61, 58, 59, 75, 67, 63, 64, 68, 73, 77, 62, 72, 70, 69, 65, 78, 84, 71, 76, 87, 92, 81, 74, 85, 88, 86, 80, 82, 79, 94, 83, 90, 89, 93, 98, 91, 101, 100, 99, 95, 97, 96, 102] 
[2, 0, 0, 0, 0, 1, 1, 0, 1, 0, 0, 0, 2, 1, 0, 0, 0, 2, 1, 0, 0, 0, 0, 2, 0, 1, 0, 2, 1, 1, 1, 1, 1, 0, 0, 0, 0, 0, 2, 0, 0, 0, 1, 0, 1, 0, 1, 1, 0, 0, 0, 0, 0, 0, 0, 0, 0, 0, 0, 0, 0, 1, 0, 1, 2, 1, 1, 0, 1, 0, 2, 1, 1, 1, 0, 1, 0, 0, 2, 0, 1, 0, 0, 0, 0, 0, 0, 0, 0, 0, 0, 0, 0, 1, 0, 0, 1, 2, 1, 0, 0, 1]
Project Length: 70
Non-renewable resources constrains met: True

255.01user 0.03system 4:13.18elapsed 100%CPU (0avgtext+0avgdata 26728maxresident)k
0inputs+0outputs (0major+3802minor)pagefaults 0swaps


==================================================

Run 2:

Best Solution so far: 
[1, 12, 5, 4, 6, 7, 9, 3, 2, 10, 14, 15, 8, 19, 13, 11, 23, 17, 16, 18, 28, 26, 22, 24, 27, 21, 25, 34, 29, 32, 20, 30, 39, 35, 44, 33, 40, 36, 42, 46, 38, 31, 50, 47, 37, 43, 45, 51, 41, 54, 56, 60, 52, 57, 49, 53, 48, 61, 64, 63, 58, 68, 59, 55, 62, 65, 69, 72, 66, 75, 83, 73, 70, 67, 71, 74, 76, 81, 94, 77, 86, 88, 92, 85, 78, 93, 79, 87, 91, 101, 84, 100, 90, 80, 82, 89, 98, 99, 96, 95, 97, 102] 
[1, 1, 0, 1, 0, 1, 1, 1, 0, 0, 1, 0, 0, 0, 0, 1, 2, 1, 1, 0, 1, 0, 1, 0, 2, 0, 1, 1, 1, 0, 1, 0, 2, 0, 1, 0, 0, 0, 1, 1, 0, 0, 0, 0, 1, 1, 0, 0, 1, 0, 0, 0, 0, 0, 0, 1, 0, 0, 2, 2, 0, 0, 2, 0, 0, 1, 0, 1, 0, 0, 0, 0, 1, 0, 0, 0, 0, 1, 0, 0, 0, 0, 1, 0, 0, 1, 0, 1, 1, 0, 1, 2, 1, 0, 1, 0, 0, 1, 0, 1, 1, 1]
Project Length: 71
Non-renewable resources constrains met: True

253.48user 0.02system 4:11.70elapsed 100%CPU (0avgtext+0avgdata 26908maxresident)k
0inputs+0outputs (0major+3808minor)pagefaults 0swaps


==================================================

Run 3:

Best Solution so far: 
[1, 9, 7, 5, 4, 2, 6, 13, 3, 11, 15, 8, 14, 10, 17, 19, 23, 26, 12, 18, 24, 22, 16, 21, 20, 30, 44, 27, 32, 25, 39, 28, 34, 33, 29, 40, 31, 35, 37, 38, 46, 36, 45, 41, 42, 43, 47, 57, 52, 51, 49, 50, 54, 53, 48, 66, 55, 62, 56, 59, 64, 61, 60, 77, 68, 63, 58, 72, 73, 75, 74, 67, 65, 69, 78, 71, 81, 70, 83, 85, 76, 91, 92, 80, 88, 87, 84, 93, 79, 94, 90, 86, 89, 82, 96, 98, 97, 95, 101, 99, 100, 102] 
[0, 1, 1, 0, 0, 0, 0, 0, 1, 0, 1, 0, 1, 0, 2, 0, 2, 0, 1, 0, 1, 1, 0, 0, 0, 0, 2, 1, 0, 0, 2, 1, 1, 0, 0, 0, 0, 0, 1, 0, 1, 0, 1, 0, 1, 0, 1, 0, 2, 0, 1, 0, 1, 2, 0, 2, 0, 0, 0, 2, 2, 0, 1, 0, 0, 0, 0, 2, 0, 0, 1, 0, 1, 1, 0, 0, 0, 0, 1, 0, 0, 1, 2, 0, 0, 0, 2, 2, 1, 2, 0, 0, 0, 0, 0, 0, 0, 0, 0, 1, 0, 2]
Project Length: 69
Non-renewable resources constrains met: True

248.63user 0.02system 4:06.93elapsed 100%CPU (0avgtext+0avgdata 26736maxresident)k
0inputs+0outputs (0major+3804minor)pagefaults 0swaps


==================================================

Run 4:

Best Solution so far: 
[1, 4, 7, 5, 12, 3, 2, 13, 9, 8, 10, 14, 6, 19, 11, 24, 17, 26, 15, 18, 21, 20, 32, 16, 23, 34, 22, 29, 39, 44, 27, 30, 35, 25, 33, 28, 46, 36, 37, 42, 31, 40, 41, 38, 50, 43, 47, 49, 57, 51, 45, 60, 54, 48, 56, 52, 53, 59, 65, 61, 55, 62, 58, 72, 66, 73, 63, 68, 77, 64, 69, 75, 67, 83, 71, 70, 88, 74, 85, 76, 81, 79, 93, 84, 78, 92, 86, 80, 87, 82, 100, 91, 94, 90, 89, 99, 95, 97, 101, 96, 98, 102] 
[1, 0, 1, 0, 0, 1, 0, 0, 0, 0, 0, 0, 0, 0, 2, 2, 2, 2, 0, 0, 0, 1, 0, 0, 0, 1, 0, 0, 1, 1, 1, 0, 1, 0, 0, 1, 1, 0, 0, 0, 0, 1, 0, 0, 1, 0, 1, 2, 1, 0, 0, 0, 2, 0, 0, 0, 0, 2, 2, 0, 0, 1, 0, 0, 0, 0, 2, 0, 2, 0, 0, 0, 0, 0, 0, 0, 1, 0, 0, 0, 0, 0, 0, 1, 0, 2, 0, 0, 1, 0, 2, 0, 0, 0, 0, 2, 2, 1, 0, 0, 1, 1]
Project Length: 69
Non-renewable resources constrains met: True

239.23user 0.02system 3:57.36elapsed 100%CPU (0avgtext+0avgdata 26856maxresident)k
0inputs+0outputs (0major+3802minor)pagefaults 0swaps


==================================================

Run 5:

Best Solution so far: 
[1, 5, 2, 7, 4, 6, 12, 3, 15, 9, 11, 13, 8, 10, 14, 19, 17, 26, 24, 16, 22, 21, 18, 30, 28, 23, 25, 32, 27, 20, 34, 29, 33, 31, 37, 45, 35, 38, 39, 36, 42, 46, 44, 40, 41, 47, 49, 52, 51, 50, 43, 57, 56, 48, 54, 53, 60, 55, 59, 66, 58, 62, 64, 61, 73, 72, 77, 63, 75, 65, 69, 68, 70, 67, 71, 74, 81, 76, 78, 85, 86, 83, 84, 79, 80, 88, 90, 92, 91, 93, 100, 94, 101, 89, 87, 82, 96, 99, 97, 98, 95, 102] 
[2, 0, 0, 1, 1, 1, 0, 1, 2, 1, 0, 1, 0, 0, 0, 0, 1, 1, 0, 0, 0, 0, 0, 0, 0, 0, 0, 1, 1, 2, 0, 0, 0, 0, 0, 1, 2, 0, 2, 1, 2, 0, 0, 0, 1, 1, 2, 1, 0, 0, 0, 0, 0, 0, 0, 1, 0, 0, 0, 1, 0, 0, 2, 0, 0, 1, 0, 0, 1, 1, 0, 0, 1, 0, 0, 0, 1, 0, 2, 0, 1, 1, 1, 1, 0, 0, 2, 1, 1, 1, 2, 2, 1, 0, 1, 0, 0, 0, 1, 0, 0, 1]
Project Length: 72
Non-renewable resources constrains met: True

237.40user 0.04system 3:55.47elapsed 100%CPU (0avgtext+0avgdata 26736maxresident)k
0inputs+0outputs (0major+3804minor)pagefaults 0swaps


==================================================

Run 6:

Best Solution so far: 
[1, 12, 3, 2, 4, 10, 6, 5, 14, 15, 17, 9, 7, 13, 23, 8, 11, 19, 18, 20, 16, 26, 24, 21, 22, 27, 39, 28, 25, 32, 30, 29, 34, 44, 33, 31, 46, 35, 42, 40, 47, 37, 36, 38, 45, 57, 49, 43, 41, 51, 56, 52, 54, 50, 60, 48, 53, 66, 55, 58, 63, 65, 62, 59, 61, 68, 69, 64, 73, 70, 67, 71, 74, 75, 72, 83, 81, 88, 79, 77, 78, 80, 85, 76, 91, 93, 87, 84, 100, 90, 86, 89, 98, 92, 94, 82, 96, 99, 97, 101, 95, 102] 
[1, 0, 0, 0, 1, 0, 0, 0, 1, 1, 2, 0, 0, 0, 2, 0, 1, 0, 0, 1, 0, 2, 0, 0, 0, 1, 2, 0, 1, 0, 0, 1, 1, 1, 0, 0, 1, 0, 1, 1, 1, 1, 1, 0, 2, 1, 0, 0, 1, 0, 2, 0, 2, 0, 0, 0, 0, 0, 0, 0, 1, 0, 0, 2, 0, 2, 1, 0, 0, 2, 1, 0, 0, 0, 0, 0, 0, 0, 0, 0, 0, 0, 0, 0, 1, 0, 0, 0, 1, 0, 0, 1, 1, 0, 0, 1, 0, 2, 0, 0, 0, 1]
Project Length: 71
Non-renewable resources constrains met: True

239.99user 0.04system 3:57.97elapsed 100%CPU (0avgtext+0avgdata 26792maxresident)k
0inputs+0outputs (0major+3809minor)pagefaults 0swaps


==================================================

Run 7:

Best Solution so far: 
[1, 4, 2, 7, 9, 3, 13, 6, 10, 14, 5, 8, 26, 15, 18, 11, 12, 16, 19, 17, 22, 20, 24, 21, 23, 25, 29, 28, 32, 30, 27, 39, 34, 37, 40, 33, 35, 42, 31, 38, 36, 46, 47, 51, 49, 44, 43, 57, 45, 41, 52, 50, 48, 56, 54, 60, 53, 58, 59, 62, 64, 55, 63, 61, 77, 68, 65, 73, 69, 67, 71, 75, 66, 72, 70, 74, 78, 81, 88, 76, 80, 93, 83, 79, 91, 84, 86, 85, 94, 101, 100, 87, 82, 92, 89, 96, 99, 97, 90, 98, 95, 102] 
[1, 0, 0, 1, 0, 1, 0, 1, 0, 0, 0, 0, 0, 0, 2, 0, 0, 0, 1, 0, 1, 1, 0, 0, 0, 2, 1, 1, 0, 0, 0, 1, 1, 1, 0, 0, 0, 1, 0, 0, 0, 1, 2, 0, 2, 0, 2, 2, 2, 0, 0, 0, 0, 0, 2, 1, 0, 1, 2, 0, 2, 0, 0, 1, 0, 0, 1, 0, 1, 0, 0, 0, 0, 0, 0, 0, 0, 0, 0, 0, 0, 2, 1, 0, 1, 1, 0, 0, 1, 0, 2, 2, 0, 2, 0, 0, 1, 1, 0, 0, 0, 2]
Project Length: 69
Non-renewable resources constrains met: True

239.82user 0.03system 3:57.85elapsed 100%CPU (0avgtext+0avgdata 26856maxresident)k
0inputs+0outputs (0major+3809minor)pagefaults 0swaps


==================================================

Run 8:

Best Solution so far: 
[1, 2, 3, 7, 4, 13, 9, 10, 6, 12, 8, 14, 5, 17, 18, 19, 11, 16, 15, 24, 26, 22, 21, 23, 20, 25, 32, 27, 39, 29, 30, 33, 34, 28, 40, 36, 38, 37, 42, 31, 44, 47, 35, 46, 50, 45, 51, 41, 43, 52, 56, 48, 49, 57, 59, 53, 60, 64, 55, 58, 61, 63, 54, 65, 68, 66, 62, 73, 67, 75, 77, 72, 71, 70, 74, 69, 85, 76, 80, 94, 81, 78, 92, 84, 79, 88, 82, 86, 90, 93, 83, 91, 89, 87, 97, 96, 100, 98, 101, 95, 99, 102] 
[2, 0, 1, 1, 0, 0, 1, 0, 0, 0, 0, 0, 0, 1, 2, 1, 0, 0, 2, 1, 2, 1, 0, 0, 2, 2, 0, 2, 0, 1, 0, 0, 1, 0, 1, 2, 0, 0, 1, 0, 1, 0, 0, 0, 0, 1, 0, 1, 0, 0, 1, 0, 1, 1, 1, 0, 1, 0, 0, 0, 0, 0, 0, 1, 1, 0, 0, 0, 0, 1, 2, 0, 0, 0, 0, 1, 0, 0, 0, 0, 0, 0, 0, 1, 0, 0, 0, 0, 1, 0, 1, 0, 0, 1, 0, 0, 1, 1, 0, 1, 2, 0]
Project Length: 68
Non-renewable resources constrains met: True

239.85user 0.02system 3:57.81elapsed 100%CPU (0avgtext+0avgdata 26924maxresident)k
0inputs+0outputs (0major+3804minor)pagefaults 0swaps


==================================================

Run 9:

Best Solution so far: 
[1, 3, 7, 4, 2, 12, 5, 6, 10, 14, 8, 11, 13, 19, 17, 15, 24, 16, 9, 18, 28, 20, 23, 22, 21, 27, 32, 26, 29, 34, 44, 35, 39, 25, 30, 42, 37, 33, 45, 36, 31, 47, 40, 38, 51, 41, 43, 50, 46, 57, 52, 59, 56, 48, 60, 49, 54, 55, 77, 58, 62, 64, 53, 68, 66, 72, 63, 61, 73, 65, 67, 75, 69, 71, 70, 76, 81, 84, 74, 85, 86, 88, 78, 92, 93, 79, 80, 91, 83, 94, 98, 89, 100, 82, 90, 87, 97, 96, 101, 95, 99, 102] 
[0, 0, 0, 0, 0, 0, 0, 1, 0, 1, 0, 2, 0, 1, 1, 0, 0, 0, 0, 0, 2, 1, 0, 0, 0, 2, 0, 0, 2, 1, 2, 2, 2, 2, 0, 0, 1, 0, 0, 1, 0, 1, 0, 0, 1, 1, 0, 0, 0, 1, 2, 2, 2, 0, 0, 1, 1, 0, 1, 0, 0, 0, 0, 0, 1, 1, 2, 0, 0, 1, 0, 0, 0, 0, 2, 0, 2, 0, 0, 0, 2, 0, 0, 2, 2, 0, 0, 0, 0, 1, 0, 0, 0, 0, 0, 0, 1, 0, 2, 1, 2, 1]
Project Length: 70
Non-renewable resources constrains met: True

235.48user 0.05system 3:53.46elapsed 100%CPU (0avgtext+0avgdata 26860maxresident)k
0inputs+0outputs (0major+3805minor)pagefaults 0swaps


==================================================

Run 10:

Best Solution so far: 
[1, 2, 4, 9, 5, 3, 15, 10, 12, 14, 7, 13, 8, 11, 16, 6, 19, 17, 23, 24, 18, 21, 32, 28, 26, 20, 25, 22, 27, 30, 40, 34, 37, 29, 35, 44, 39, 33, 36, 31, 42, 46, 38, 47, 41, 43, 45, 51, 50, 52, 53, 59, 49, 57, 54, 48, 56, 60, 64, 61, 55, 62, 67, 66, 58, 65, 68, 69, 63, 73, 77, 72, 70, 75, 83, 71, 82, 74, 76, 88, 84, 80, 78, 85, 93, 81, 87, 101, 79, 86, 100, 92, 89, 96, 98, 90, 97, 91, 99, 94, 95, 102] 
[1, 0, 0, 0, 0, 1, 0, 0, 0, 0, 1, 0, 0, 2, 1, 0, 0, 0, 0, 0, 0, 0, 1, 1, 0, 2, 0, 0, 0, 0, 0, 1, 1, 0, 0, 2, 2, 0, 0, 0, 1, 0, 1, 1, 1, 1, 2, 0, 0, 0, 0, 1, 2, 0, 1, 0, 2, 0, 2, 1, 0, 0, 1, 0, 0, 0, 0, 1, 0, 0, 0, 1, 1, 1, 1, 0, 1, 0, 0, 0, 1, 0, 0, 0, 2, 0, 0, 0, 0, 0, 1, 2, 0, 0, 0, 0, 1, 0, 1, 0, 0, 1]
Project Length: 72
Non-renewable resources constrains met: True

228.57user 0.01system 3:46.49elapsed 100%CPU (0avgtext+0avgdata 26984maxresident)k
0inputs+0outputs (0major+3808minor)pagefaults 0swaps


==================================================

