Chains: 2
Steps: 5
Neighbours Initial N: 1000
Neighbours Increase Coefficient: 1
Temperature Max: 100
Temperature Increase Coefficient: 0.25


==================================================


==================================================

NEW INSTANCE: J10032_5
Run 1:

Best Solution so far: 
[1, 37, 21, 14, 17, 19, 8, 20, 2, 3, 40, 4, 5, 16, 24, 9, 12, 30, 13, 25, 10, 45, 6, 7, 18, 36, 26, 11, 29, 34, 22, 31, 33, 76, 55, 66, 15, 39, 28, 53, 54, 56, 46, 43, 41, 27, 47, 23, 58, 42, 49, 38, 77, 32, 51, 52, 64, 65, 59, 44, 74, 63, 50, 70, 69, 73, 68, 48, 35, 57, 67, 62, 71, 72, 61, 75, 93, 100, 88, 99, 95, 94, 60, 87, 96, 83, 84, 81, 92, 85, 78, 86, 89, 97, 79, 101, 90, 98, 82, 80, 91, 102] 
[1, 0, 2, 2, 2, 2, 2, 2, 2, 0, 1, 2, 2, 2, 1, 1, 1, 2, 0, 2, 2, 1, 2, 0, 2, 1, 1, 2, 2, 1, 2, 0, 0, 2, 2, 0, 2, 1, 2, 0, 2, 0, 0, 1, 2, 1, 2, 1, 2, 2, 1, 2, 2, 2, 2, 2, 2, 2, 2, 0, 2, 0, 2, 1, 2, 1, 0, 0, 2, 1, 0, 0, 2, 2, 1, 1, 1, 2, 0, 0, 2, 2, 0, 0, 1, 2, 2, 2, 2, 0, 1, 2, 2, 2, 1, 0, 1, 2, 1, 2, 2, 0]
Project Length: 35
Non-renewable resources constrains met: True

198.44user 0.04system 3:16.64elapsed 100%CPU (0avgtext+0avgdata 26372maxresident)k
23624inputs+0outputs (65major+3776minor)pagefaults 0swaps


==================================================

Run 2:

Best Solution so far: 
[1, 7, 8, 9, 2, 25, 20, 17, 24, 19, 3, 15, 4, 5, 14, 21, 27, 26, 29, 35, 16, 30, 31, 6, 37, 45, 13, 12, 11, 44, 56, 23, 36, 22, 33, 18, 49, 10, 38, 34, 57, 53, 39, 28, 43, 58, 48, 66, 41, 42, 32, 46, 54, 47, 75, 64, 77, 61, 101, 68, 62, 63, 73, 76, 50, 74, 67, 71, 72, 59, 51, 40, 91, 69, 55, 65, 60, 52, 94, 70, 88, 100, 81, 86, 82, 93, 95, 97, 79, 92, 87, 89, 96, 80, 83, 78, 90, 84, 85, 98, 99, 102] 
[1, 1, 2, 2, 2, 0, 2, 1, 2, 0, 2, 2, 1, 2, 0, 1, 2, 2, 1, 0, 2, 1, 2, 0, 2, 2, 2, 1, 2, 2, 2, 1, 2, 2, 0, 2, 0, 0, 2, 1, 1, 1, 1, 2, 2, 1, 1, 2, 2, 1, 1, 2, 2, 1, 0, 1, 2, 0, 2, 2, 2, 1, 2, 2, 1, 1, 0, 1, 2, 2, 1, 2, 2, 2, 1, 1, 0, 0, 2, 0, 2, 2, 1, 2, 0, 2, 1, 1, 0, 2, 0, 2, 2, 1, 2, 2, 1, 1, 0, 0, 0, 0]
Project Length: 34
Non-renewable resources constrains met: True

195.83user 0.03system 3:13.78elapsed 101%CPU (0avgtext+0avgdata 26536maxresident)k
0inputs+0outputs (0major+3814minor)pagefaults 0swaps


==================================================

Run 3:

Best Solution so far: 
[1, 12, 7, 10, 29, 27, 21, 16, 15, 20, 11, 9, 6, 13, 25, 5, 24, 2, 18, 31, 45, 3, 26, 8, 35, 36, 19, 28, 40, 4, 14, 22, 44, 43, 34, 23, 17, 39, 37, 30, 74, 55, 49, 41, 59, 47, 66, 38, 56, 75, 42, 69, 32, 65, 58, 33, 76, 61, 67, 91, 64, 54, 51, 68, 100, 63, 73, 50, 48, 72, 71, 46, 57, 62, 53, 88, 99, 77, 52, 86, 89, 81, 92, 90, 84, 70, 87, 95, 60, 78, 96, 79, 83, 94, 85, 101, 82, 80, 93, 98, 97, 102] 
[1, 2, 0, 0, 1, 2, 2, 2, 2, 2, 1, 2, 1, 2, 2, 0, 1, 1, 2, 1, 2, 0, 1, 2, 1, 1, 0, 2, 2, 0, 1, 2, 0, 2, 2, 2, 1, 2, 2, 2, 2, 1, 0, 1, 2, 2, 0, 1, 0, 0, 1, 2, 0, 1, 1, 0, 1, 1, 1, 2, 0, 0, 1, 2, 2, 0, 1, 2, 0, 2, 1, 0, 2, 1, 1, 2, 2, 2, 0, 2, 2, 2, 1, 2, 2, 0, 1, 0, 1, 2, 2, 0, 1, 1, 0, 2, 1, 2, 2, 2, 1, 0]
Project Length: 35
Non-renewable resources constrains met: True

196.70user 0.03system 3:14.73elapsed 101%CPU (0avgtext+0avgdata 26724maxresident)k
0inputs+0outputs (0major+3799minor)pagefaults 0swaps


==================================================

Run 4:

Best Solution so far: 
[1, 5, 37, 17, 7, 10, 15, 29, 6, 11, 30, 16, 20, 8, 19, 25, 18, 13, 24, 2, 12, 9, 21, 36, 14, 3, 23, 31, 4, 22, 35, 26, 65, 41, 39, 33, 48, 54, 76, 44, 47, 40, 55, 27, 32, 59, 46, 34, 74, 28, 45, 53, 75, 57, 52, 49, 62, 58, 38, 68, 71, 51, 56, 50, 73, 42, 63, 43, 69, 66, 77, 60, 101, 96, 72, 91, 67, 70, 61, 92, 82, 93, 85, 79, 89, 64, 100, 99, 84, 97, 87, 81, 86, 80, 95, 88, 94, 98, 78, 90, 83, 102] 
[0, 1, 1, 0, 1, 2, 2, 2, 1, 1, 2, 2, 2, 1, 2, 2, 1, 2, 2, 0, 1, 0, 2, 1, 2, 2, 0, 1, 2, 2, 2, 0, 1, 2, 1, 0, 0, 2, 2, 1, 1, 1, 2, 1, 1, 2, 2, 0, 2, 0, 2, 2, 1, 0, 1, 0, 2, 1, 1, 2, 2, 1, 0, 2, 2, 0, 1, 0, 2, 0, 1, 1, 2, 2, 2, 2, 0, 1, 0, 1, 2, 2, 1, 2, 2, 0, 2, 1, 0, 2, 1, 2, 2, 2, 1, 1, 2, 2, 2, 0, 1, 2]
Project Length: 34
Non-renewable resources constrains met: True

200.41user 0.03system 3:18.37elapsed 101%CPU (0avgtext+0avgdata 26720maxresident)k
0inputs+0outputs (0major+3794minor)pagefaults 0swaps


==================================================

Run 5:

Best Solution so far: 
[1, 7, 20, 30, 12, 15, 3, 4, 21, 8, 25, 9, 11, 14, 10, 18, 13, 29, 17, 16, 27, 26, 6, 37, 2, 56, 35, 43, 19, 40, 5, 23, 28, 34, 44, 22, 38, 50, 36, 45, 24, 39, 32, 49, 74, 41, 42, 47, 65, 33, 67, 68, 58, 54, 31, 51, 57, 48, 61, 63, 73, 75, 69, 71, 59, 64, 55, 52, 46, 77, 72, 62, 97, 76, 53, 70, 60, 66, 88, 79, 83, 94, 86, 100, 98, 81, 87, 90, 91, 85, 80, 99, 95, 93, 92, 101, 96, 89, 84, 82, 78, 102] 
[1, 1, 1, 2, 2, 2, 1, 2, 2, 2, 2, 1, 2, 1, 2, 1, 1, 1, 2, 2, 2, 1, 1, 0, 0, 1, 2, 2, 0, 1, 0, 2, 2, 1, 2, 2, 2, 2, 0, 0, 1, 2, 2, 2, 2, 2, 0, 2, 1, 1, 1, 2, 0, 0, 0, 2, 1, 0, 0, 2, 1, 2, 2, 1, 2, 2, 2, 1, 0, 2, 1, 1, 2, 2, 2, 2, 1, 0, 2, 0, 1, 2, 2, 2, 2, 2, 1, 0, 0, 0, 1, 0, 0, 1, 1, 1, 1, 2, 1, 1, 2, 2]
Project Length: 34
Non-renewable resources constrains met: True

195.89user 0.02system 3:13.83elapsed 101%CPU (0avgtext+0avgdata 26724maxresident)k
0inputs+0outputs (0major+3804minor)pagefaults 0swaps


==================================================

Run 6:

Best Solution so far: 
[1, 21, 30, 8, 25, 7, 26, 37, 17, 3, 13, 31, 12, 10, 9, 24, 11, 40, 2, 5, 16, 15, 6, 4, 27, 20, 19, 14, 18, 22, 23, 49, 35, 38, 59, 28, 57, 32, 51, 74, 29, 47, 33, 34, 42, 39, 45, 55, 54, 44, 41, 56, 36, 72, 75, 43, 65, 48, 58, 73, 69, 66, 52, 46, 100, 67, 71, 53, 77, 64, 50, 68, 61, 70, 98, 76, 63, 62, 92, 97, 60, 79, 89, 80, 81, 99, 88, 95, 85, 90, 83, 84, 87, 86, 91, 78, 93, 101, 96, 94, 82, 102] 
[2, 1, 2, 2, 1, 2, 0, 2, 2, 2, 2, 0, 2, 0, 2, 1, 1, 0, 1, 1, 2, 2, 2, 0, 2, 1, 0, 2, 2, 2, 0, 2, 2, 2, 1, 1, 1, 2, 2, 2, 1, 2, 1, 1, 0, 2, 2, 1, 0, 2, 2, 2, 0, 2, 1, 2, 1, 2, 0, 1, 2, 0, 2, 0, 2, 1, 1, 0, 2, 1, 0, 1, 1, 1, 2, 1, 2, 0, 2, 2, 0, 0, 2, 2, 2, 0, 2, 0, 2, 1, 1, 1, 1, 2, 2, 2, 2, 0, 2, 1, 0, 2]
Project Length: 34
Non-renewable resources constrains met: True

202.63user 0.03system 3:20.62elapsed 101%CPU (0avgtext+0avgdata 26588maxresident)k
0inputs+0outputs (0major+3794minor)pagefaults 0swaps


==================================================

Run 7:

Best Solution so far: 
[1, 26, 13, 25, 37, 21, 2, 3, 5, 19, 11, 8, 44, 10, 7, 22, 24, 56, 23, 31, 12, 6, 30, 18, 27, 9, 20, 16, 17, 14, 4, 28, 32, 66, 54, 34, 38, 36, 29, 33, 53, 15, 40, 41, 73, 51, 52, 68, 47, 39, 43, 49, 59, 50, 62, 45, 64, 48, 75, 46, 42, 55, 74, 35, 63, 57, 77, 76, 71, 69, 72, 65, 58, 61, 60, 100, 99, 96, 67, 97, 95, 85, 93, 82, 84, 81, 90, 92, 91, 87, 80, 79, 94, 89, 98, 70, 88, 83, 86, 78, 101, 102] 
[2, 2, 2, 1, 2, 0, 1, 1, 0, 1, 2, 2, 2, 0, 1, 1, 1, 2, 2, 1, 1, 2, 2, 2, 2, 2, 1, 1, 0, 0, 1, 2, 1, 0, 2, 0, 2, 1, 2, 1, 0, 2, 2, 1, 0, 2, 1, 2, 2, 0, 2, 1, 2, 2, 2, 1, 1, 2, 2, 1, 2, 1, 2, 2, 2, 2, 0, 2, 2, 2, 1, 1, 0, 1, 1, 2, 2, 1, 0, 1, 2, 2, 2, 2, 1, 1, 1, 2, 2, 0, 2, 0, 1, 2, 2, 1, 2, 0, 2, 2, 0, 0]
Project Length: 36
Non-renewable resources constrains met: True

196.90user 0.03system 3:14.83elapsed 101%CPU (0avgtext+0avgdata 26724maxresident)k
0inputs+0outputs (0major+3795minor)pagefaults 0swaps


==================================================

Run 8:

Best Solution so far: 
[1, 11, 21, 17, 20, 26, 19, 13, 7, 29, 6, 37, 5, 15, 3, 2, 16, 31, 14, 35, 8, 4, 18, 12, 25, 10, 24, 32, 9, 23, 43, 33, 39, 77, 55, 34, 44, 45, 49, 48, 30, 46, 47, 66, 40, 58, 27, 36, 28, 22, 53, 42, 41, 54, 51, 38, 65, 72, 50, 76, 57, 64, 56, 59, 74, 95, 91, 101, 89, 61, 70, 60, 52, 68, 75, 63, 97, 93, 62, 69, 88, 71, 67, 73, 98, 84, 87, 92, 82, 94, 86, 99, 83, 100, 85, 78, 80, 79, 90, 96, 81, 102] 
[0, 1, 0, 2, 1, 1, 0, 1, 0, 1, 2, 1, 2, 1, 1, 0, 1, 2, 2, 2, 1, 1, 1, 2, 2, 1, 1, 1, 1, 0, 0, 0, 2, 2, 0, 2, 2, 0, 1, 2, 2, 2, 2, 0, 2, 1, 1, 2, 2, 2, 0, 2, 2, 2, 1, 1, 2, 2, 2, 2, 2, 2, 1, 2, 2, 1, 2, 2, 2, 0, 1, 1, 1, 2, 2, 0, 2, 2, 2, 2, 2, 1, 1, 1, 2, 2, 1, 1, 0, 1, 1, 1, 0, 2, 1, 2, 2, 0, 0, 1, 1, 1]
Project Length: 34
Non-renewable resources constrains met: True

195.95user 0.03system 3:13.90elapsed 101%CPU (0avgtext+0avgdata 26656maxresident)k
0inputs+0outputs (0major+3794minor)pagefaults 0swaps


==================================================

Run 9:

Best Solution so far: 
[1, 19, 35, 21, 5, 15, 26, 16, 13, 6, 2, 12, 14, 24, 9, 29, 3, 8, 7, 20, 40, 18, 36, 27, 17, 10, 37, 31, 11, 56, 45, 25, 4, 22, 23, 34, 28, 73, 75, 42, 48, 52, 38, 46, 49, 66, 32, 54, 30, 39, 41, 63, 43, 33, 74, 55, 44, 51, 68, 62, 65, 71, 59, 58, 53, 77, 69, 47, 57, 67, 50, 60, 89, 76, 61, 70, 72, 64, 83, 96, 87, 100, 92, 80, 85, 99, 97, 81, 88, 84, 82, 90, 79, 93, 101, 98, 95, 86, 78, 94, 91, 102] 
[0, 1, 0, 1, 1, 2, 2, 2, 2, 1, 1, 2, 1, 2, 0, 2, 0, 2, 1, 2, 0, 2, 1, 2, 2, 1, 0, 1, 2, 2, 2, 2, 0, 0, 0, 2, 1, 2, 1, 1, 2, 2, 2, 1, 0, 0, 0, 2, 2, 2, 2, 0, 2, 0, 2, 2, 0, 2, 0, 2, 1, 2, 2, 1, 1, 1, 1, 2, 2, 1, 2, 0, 2, 1, 1, 1, 0, 0, 1, 0, 1, 2, 0, 1, 1, 2, 2, 1, 2, 2, 2, 1, 2, 2, 0, 2, 1, 2, 2, 2, 2, 0]
Project Length: 33
Non-renewable resources constrains met: True

199.70user 0.03system 9:52.35elapsed 33%CPU (0avgtext+0avgdata 26724maxresident)k
0inputs+0outputs (0major+3800minor)pagefaults 0swaps


==================================================

Run 10:

Best Solution so far: 
[1, 9, 26, 11, 3, 10, 15, 8, 4, 27, 6, 24, 7, 21, 16, 14, 30, 5, 20, 19, 12, 2, 56, 37, 36, 23, 33, 32, 42, 18, 34, 25, 66, 29, 31, 17, 45, 22, 47, 13, 44, 35, 38, 39, 28, 41, 50, 101, 72, 62, 74, 46, 40, 67, 63, 57, 65, 64, 53, 76, 48, 69, 52, 58, 54, 49, 55, 71, 61, 68, 97, 73, 43, 51, 94, 75, 77, 59, 93, 100, 90, 60, 91, 79, 99, 88, 92, 82, 95, 83, 84, 87, 86, 81, 98, 80, 89, 96, 70, 85, 78, 102] 
[2, 2, 2, 2, 0, 1, 2, 2, 1, 2, 2, 2, 2, 2, 2, 0, 2, 2, 1, 0, 1, 2, 2, 2, 1, 2, 2, 1, 1, 1, 0, 2, 1, 2, 2, 0, 2, 2, 1, 0, 2, 1, 2, 2, 2, 2, 2, 0, 1, 2, 2, 0, 2, 1, 2, 2, 1, 0, 2, 2, 1, 2, 1, 0, 1, 0, 1, 2, 2, 2, 2, 2, 0, 2, 1, 1, 1, 0, 2, 2, 0, 0, 1, 0, 2, 1, 1, 1, 2, 1, 0, 0, 2, 1, 1, 1, 0, 2, 1, 2, 2, 0]
Project Length: 37
Non-renewable resources constrains met: True

195.03user 0.03system 3:13.00elapsed 101%CPU (0avgtext+0avgdata 26724maxresident)k
0inputs+0outputs (0major+3803minor)pagefaults 0swaps


==================================================

