Chains: 2
Steps: 3
Neighbours Initial N: 1000
Neighbours Increase Coefficient: 1
Temperature Max: 100
Temperature Increase Coefficient: 0.05


==================================================


==================================================

NEW INSTANCE: j3060_1
Run 1:

Best Solution so far: 
[1, 3, 4, 2, 11, 7, 14, 12, 6, 22, 20, 18, 5, 13, 17, 9, 15, 8, 23, 16, 28, 21, 25, 19, 26, 27, 10, 24, 30, 31, 29, 32] 
[2, 0, 0, 0, 0, 0, 0, 0, 0, 0, 0, 0, 0, 1, 2, 0, 0, 1, 0, 1, 2, 2, 1, 1, 0, 0, 0, 0, 0, 0, 0, 1]
Project Length: 22
Non-renewable resources constrains met: True



==================================================

Run 2:

Best Solution so far: 
[1, 4, 2, 5, 3, 11, 7, 12, 14, 6, 16, 13, 9, 20, 8, 15, 17, 18, 22, 28, 23, 21, 10, 19, 25, 26, 24, 27, 30, 31, 29, 32] 
[1, 0, 0, 2, 0, 1, 0, 0, 0, 1, 1, 0, 0, 1, 2, 0, 0, 0, 0, 0, 0, 2, 1, 1, 2, 0, 1, 0, 0, 1, 0, 1]
Project Length: 22
Non-renewable resources constrains met: True



==================================================

Run 3:

Best Solution so far: 
[1, 2, 4, 3, 7, 11, 12, 6, 13, 5, 14, 22, 20, 18, 16, 9, 25, 15, 8, 28, 17, 23, 21, 19, 24, 10, 26, 27, 30, 29, 31, 32] 
[0, 0, 0, 0, 0, 0, 0, 1, 0, 2, 0, 0, 1, 0, 1, 0, 1, 0, 1, 0, 0, 1, 2, 1, 2, 0, 0, 0, 0, 0, 0, 2]
Project Length: 22
Non-renewable resources constrains met: True



==================================================

Run 4:

Best Solution so far: 
[1, 2, 3, 4, 7, 11, 6, 20, 16, 14, 5, 12, 9, 8, 17, 15, 18, 22, 13, 28, 10, 25, 19, 23, 26, 24, 21, 27, 30, 29, 31, 32] 
[0, 0, 0, 0, 0, 0, 1, 1, 1, 2, 1, 0, 0, 0, 0, 0, 0, 0, 0, 2, 1, 1, 0, 0, 0, 0, 0, 0, 0, 0, 0, 0]
Project Length: 22
Non-renewable resources constrains met: True



==================================================

Run 5:

Best Solution so far: 
[1, 4, 7, 3, 11, 2, 6, 13, 14, 20, 9, 5, 8, 16, 12, 15, 22, 17, 18, 21, 25, 19, 28, 23, 26, 24, 27, 10, 30, 31, 29, 32] 
[1, 0, 0, 0, 1, 0, 0, 2, 2, 2, 0, 1, 2, 1, 0, 0, 0, 0, 0, 1, 0, 1, 1, 0, 0, 0, 0, 0, 0, 1, 0, 1]
Project Length: 22
Non-renewable resources constrains met: True



==================================================

Run 6:

Best Solution so far: 
[1, 3, 2, 4, 7, 11, 12, 5, 6, 13, 14, 9, 20, 8, 17, 15, 22, 18, 10, 25, 23, 21, 28, 19, 26, 16, 24, 30, 27, 29, 31, 32] 
[0, 0, 0, 0, 0, 0, 0, 1, 1, 2, 0, 0, 0, 0, 1, 0, 0, 0, 1, 0, 0, 2, 1, 0, 0, 0, 1, 0, 0, 0, 1, 2]
Project Length: 22
Non-renewable resources constrains met: True



==================================================

Run 7:

Best Solution so far: 
[1, 4, 7, 11, 2, 3, 12, 14, 6, 17, 13, 9, 5, 22, 20, 18, 8, 15, 28, 25, 16, 21, 23, 19, 26, 10, 31, 27, 24, 30, 29, 32] 
[0, 0, 0, 1, 0, 0, 0, 0, 0, 0, 0, 0, 0, 0, 0, 0, 0, 0, 1, 0, 1, 1, 0, 1, 0, 0, 1, 0, 0, 0, 0, 0]
Project Length: 22
Non-renewable resources constrains met: True



==================================================

Run 8:

Best Solution so far: 
[1, 4, 7, 3, 5, 2, 12, 6, 9, 8, 11, 16, 14, 20, 18, 15, 13, 22, 17, 28, 21, 25, 19, 10, 23, 26, 27, 24, 30, 29, 31, 32] 
[0, 0, 0, 0, 2, 0, 0, 1, 0, 2, 0, 2, 0, 1, 0, 0, 0, 0, 1, 2, 1, 1, 1, 0, 1, 0, 0, 0, 0, 0, 1, 1]
Project Length: 22
Non-renewable resources constrains met: True



==================================================

Run 9:

Best Solution so far: 
[1, 4, 3, 11, 2, 7, 13, 12, 9, 14, 6, 5, 20, 22, 18, 15, 25, 8, 16, 17, 19, 23, 28, 21, 24, 10, 26, 30, 27, 29, 31, 32] 
[2, 0, 1, 1, 0, 0, 0, 0, 0, 0, 0, 1, 0, 0, 0, 0, 0, 1, 0, 0, 1, 0, 0, 2, 1, 0, 0, 0, 0, 0, 1, 2]
Project Length: 22
Non-renewable resources constrains met: True



==================================================

Run 10:

Best Solution so far: 
[1, 4, 3, 7, 2, 11, 12, 20, 14, 6, 8, 9, 16, 13, 17, 22, 5, 15, 18, 23, 19, 25, 28, 10, 21, 24, 26, 27, 30, 31, 29, 32] 
[2, 0, 0, 0, 0, 0, 0, 0, 0, 0, 2, 0, 2, 0, 1, 0, 0, 0, 0, 0, 1, 2, 2, 1, 2, 2, 0, 0, 0, 1, 0, 2]
Project Length: 22
Non-renewable resources constrains met: True



==================================================


==================================================


==================================================

NEW INSTANCE: J5090_1
Run 1:

Best Solution so far: 
[1, 3, 2, 4, 6, 5, 9, 11, 16, 8, 10, 13, 12, 7, 21, 14, 20, 15, 17, 22, 18, 19, 24, 26, 28, 27, 23, 25, 29, 32, 34, 38, 33, 30, 35, 36, 31, 37, 39, 41, 46, 40, 44, 42, 49, 45, 43, 51, 48, 47, 50, 52] 
[2, 1, 0, 1, 0, 0, 1, 0, 1, 1, 2, 2, 0, 1, 2, 0, 2, 0, 1, 0, 0, 1, 1, 2, 0, 1, 1, 1, 0, 0, 0, 1, 1, 0, 0, 0, 0, 0, 0, 2, 2, 0, 0, 0, 0, 1, 0, 2, 0, 1, 0, 2]
Project Length: 54
Non-renewable resources constrains met: True



==================================================

Run 2:

Best Solution so far: 
[1, 3, 6, 5, 4, 2, 9, 11, 10, 8, 16, 7, 12, 20, 13, 15, 14, 17, 19, 22, 27, 18, 21, 26, 24, 23, 28, 25, 29, 32, 33, 31, 30, 36, 37, 34, 38, 35, 40, 39, 41, 42, 44, 45, 43, 46, 50, 51, 49, 47, 48, 52] 
[0, 0, 0, 0, 0, 0, 1, 0, 0, 1, 2, 1, 0, 2, 2, 0, 0, 1, 0, 2, 2, 0, 0, 1, 1, 0, 0, 1, 0, 2, 1, 0, 0, 0, 0, 2, 0, 0, 1, 0, 1, 0, 0, 0, 0, 0, 0, 1, 2, 0, 0, 0]
Project Length: 54
Non-renewable resources constrains met: True



==================================================

Run 3:

Best Solution so far: 
[1, 6, 5, 2, 4, 3, 7, 10, 11, 9, 8, 16, 12, 13, 15, 14, 21, 19, 20, 17, 18, 23, 22, 26, 28, 24, 27, 29, 25, 30, 33, 32, 36, 38, 31, 34, 35, 37, 39, 40, 41, 44, 42, 49, 46, 45, 51, 43, 48, 47, 50, 52] 
[0, 0, 0, 0, 0, 0, 0, 1, 0, 1, 1, 0, 0, 1, 0, 1, 0, 2, 2, 0, 0, 0, 1, 2, 0, 0, 0, 0, 1, 2, 0, 0, 0, 2, 0, 1, 0, 0, 0, 1, 2, 1, 0, 2, 0, 0, 0, 0, 0, 1, 0, 1]
Project Length: 54
Non-renewable resources constrains met: True



==================================================

Run 4:

Best Solution so far: 
[1, 3, 5, 6, 4, 7, 2, 11, 13, 8, 9, 16, 12, 15, 21, 10, 14, 17, 19, 26, 18, 23, 22, 20, 24, 27, 28, 29, 25, 30, 33, 32, 35, 38, 31, 34, 36, 37, 39, 40, 41, 44, 42, 46, 45, 51, 49, 43, 47, 50, 48, 52] 
[2, 0, 0, 0, 0, 1, 0, 0, 2, 1, 0, 0, 0, 0, 0, 1, 1, 1, 1, 1, 0, 2, 2, 1, 2, 1, 0, 0, 1, 0, 0, 0, 1, 2, 0, 0, 0, 0, 0, 0, 2, 1, 0, 1, 1, 1, 0, 0, 0, 0, 0, 1]
Project Length: 54
Non-renewable resources constrains met: True



==================================================

Run 5:

Best Solution so far: 
[1, 6, 5, 2, 3, 4, 11, 16, 8, 10, 7, 9, 13, 12, 14, 19, 17, 21, 20, 15, 22, 18, 24, 25, 27, 26, 23, 28, 29, 33, 30, 35, 31, 32, 40, 38, 36, 34, 37, 39, 44, 42, 41, 46, 51, 45, 50, 43, 49, 47, 48, 52] 
[2, 0, 0, 0, 0, 0, 0, 1, 0, 1, 1, 0, 0, 0, 0, 1, 1, 0, 2, 0, 2, 0, 1, 1, 0, 0, 2, 0, 0, 2, 1, 0, 0, 0, 2, 0, 1, 0, 0, 0, 2, 0, 0, 2, 0, 0, 1, 0, 0, 1, 0, 1]
Project Length: 54
Non-renewable resources constrains met: True



==================================================

Run 6:

Best Solution so far: 
[1, 5, 2, 6, 4, 3, 11, 10, 9, 16, 8, 13, 12, 7, 15, 22, 14, 20, 17, 19, 21, 18, 24, 28, 26, 27, 23, 32, 25, 29, 34, 31, 33, 36, 30, 35, 38, 37, 39, 40, 42, 44, 41, 45, 43, 46, 49, 51, 47, 48, 50, 52] 
[1, 0, 0, 0, 0, 0, 0, 0, 0, 0, 1, 1, 0, 1, 0, 1, 0, 2, 0, 2, 2, 0, 2, 0, 0, 0, 2, 0, 1, 0, 0, 0, 0, 2, 0, 0, 0, 0, 0, 1, 0, 1, 0, 1, 0, 0, 1, 1, 0, 0, 0, 1]
Project Length: 54
Non-renewable resources constrains met: True



==================================================

Run 7:

Best Solution so far: 
[1, 5, 3, 2, 6, 4, 7, 9, 16, 8, 10, 11, 13, 12, 14, 21, 15, 19, 17, 20, 22, 18, 25, 28, 24, 23, 27, 26, 29, 32, 31, 30, 36, 34, 33, 37, 35, 38, 39, 40, 44, 41, 46, 42, 45, 51, 50, 43, 49, 47, 48, 52] 
[2, 0, 0, 0, 0, 0, 0, 2, 2, 1, 2, 0, 2, 0, 1, 0, 0, 1, 0, 0, 1, 0, 0, 0, 0, 1, 1, 2, 0, 0, 0, 0, 2, 1, 0, 0, 0, 0, 0, 0, 1, 1, 1, 0, 0, 0, 0, 0, 2, 0, 0, 2]
Project Length: 54
Non-renewable resources constrains met: True



==================================================

Run 8:

Best Solution so far: 
[1, 3, 4, 2, 6, 5, 7, 16, 9, 10, 11, 8, 12, 13, 15, 20, 21, 14, 17, 26, 18, 19, 27, 22, 23, 28, 24, 25, 29, 30, 32, 36, 31, 33, 34, 37, 35, 39, 38, 41, 40, 44, 46, 42, 49, 45, 43, 50, 51, 47, 48, 52] 
[2, 1, 1, 0, 0, 0, 1, 1, 1, 0, 0, 1, 0, 1, 0, 0, 1, 0, 1, 2, 0, 1, 0, 2, 2, 0, 0, 1, 0, 2, 0, 0, 0, 2, 2, 0, 0, 0, 0, 1, 0, 0, 0, 0, 0, 1, 0, 0, 1, 1, 0, 2]
Project Length: 54
Non-renewable resources constrains met: True



==================================================

Run 9:

Best Solution so far: 
[1, 3, 6, 5, 4, 2, 11, 16, 7, 8, 9, 12, 13, 10, 20, 14, 15, 22, 17, 21, 18, 19, 28, 24, 27, 23, 26, 29, 25, 30, 32, 36, 33, 31, 35, 34, 37, 39, 38, 41, 44, 40, 42, 45, 46, 49, 50, 51, 43, 47, 48, 52] 
[1, 0, 0, 0, 0, 0, 0, 1, 1, 1, 1, 0, 1, 0, 1, 0, 0, 2, 0, 1, 0, 1, 0, 1, 2, 2, 2, 0, 0, 0, 0, 0, 1, 0, 0, 0, 0, 0, 0, 0, 1, 0, 0, 1, 1, 2, 1, 1, 0, 0, 0, 0]
Project Length: 54
Non-renewable resources constrains met: True



==================================================

Run 10:

Best Solution so far: 
[1, 5, 6, 3, 4, 2, 9, 11, 8, 12, 13, 7, 16, 10, 15, 14, 17, 22, 18, 19, 20, 21, 24, 27, 26, 28, 23, 29, 32, 25, 30, 36, 31, 35, 38, 33, 37, 34, 39, 44, 40, 41, 46, 42, 45, 50, 49, 43, 51, 47, 48, 52] 
[2, 0, 0, 1, 1, 0, 1, 0, 1, 0, 1, 0, 0, 0, 0, 0, 1, 2, 0, 1, 1, 0, 0, 1, 1, 0, 2, 0, 0, 1, 0, 2, 0, 1, 0, 2, 0, 1, 0, 1, 0, 0, 1, 0, 0, 2, 2, 0, 2, 1, 0, 1]
Project Length: 54
Non-renewable resources constrains met: True



==================================================


==================================================


==================================================

NEW INSTANCE: J10078_4
Run 1:

Best Solution so far: 
[1, 5, 2, 6, 3, 4, 12, 10, 8, 14, 15, 9, 13, 7, 19, 11, 17, 23, 18, 16, 25, 24, 28, 20, 21, 26, 34, 29, 32, 22, 27, 39, 44, 30, 42, 36, 35, 31, 37, 40, 47, 33, 41, 38, 45, 46, 50, 51, 57, 49, 60, 59, 43, 52, 48, 56, 53, 55, 58, 62, 77, 63, 64, 54, 61, 68, 67, 69, 72, 66, 75, 65, 73, 70, 74, 71, 84, 76, 80, 93, 81, 83, 82, 88, 85, 92, 78, 79, 87, 86, 99, 89, 94, 100, 91, 90, 97, 98, 95, 96, 101, 102] 
[1, 1, 0, 1, 0, 1, 1, 0, 0, 2, 2, 0, 0, 1, 0, 2, 0, 0, 0, 0, 2, 0, 2, 2, 0, 0, 0, 1, 0, 1, 0, 2, 2, 0, 0, 0, 0, 0, 0, 1, 1, 0, 0, 0, 0, 2, 0, 0, 0, 1, 0, 1, 0, 2, 0, 0, 0, 0, 0, 0, 2, 1, 1, 1, 1, 1, 1, 0, 2, 0, 0, 1, 0, 0, 0, 0, 1, 0, 0, 2, 0, 1, 1, 0, 0, 2, 0, 0, 0, 0, 0, 0, 1, 2, 0, 0, 1, 2, 1, 0, 0, 1]
Project Length: 69
Non-renewable resources constrains met: True



==================================================

Run 2:

Best Solution so far: 
[1, 3, 2, 12, 7, 4, 14, 5, 9, 10, 6, 13, 8, 15, 17, 19, 24, 23, 22, 26, 18, 11, 25, 16, 21, 29, 32, 20, 27, 30, 34, 28, 33, 37, 35, 44, 38, 31, 42, 47, 36, 46, 45, 40, 41, 43, 39, 57, 51, 48, 52, 50, 60, 53, 56, 49, 61, 66, 65, 62, 63, 58, 59, 55, 54, 73, 64, 68, 72, 67, 70, 69, 74, 83, 75, 77, 71, 81, 80, 93, 78, 88, 76, 86, 82, 85, 99, 91, 79, 89, 101, 84, 100, 94, 90, 87, 96, 92, 98, 97, 95, 102] 
[0, 0, 0, 2, 0, 0, 0, 0, 1, 0, 0, 1, 0, 2, 2, 0, 0, 0, 0, 1, 0, 0, 0, 0, 0, 1, 0, 2, 1, 0, 1, 1, 0, 0, 1, 1, 0, 0, 0, 1, 1, 1, 2, 1, 1, 0, 0, 1, 0, 1, 2, 0, 0, 1, 0, 0, 0, 0, 2, 0, 2, 0, 2, 0, 0, 0, 0, 0, 2, 0, 1, 1, 0, 1, 0, 0, 0, 0, 0, 2, 0, 0, 0, 0, 0, 0, 2, 1, 0, 0, 0, 0, 2, 1, 0, 0, 0, 0, 0, 0, 0, 0]
Project Length: 68
Non-renewable resources constrains met: True



==================================================

Run 3:

Best Solution so far: 
[1, 9, 5, 3, 2, 4, 12, 6, 10, 8, 14, 7, 13, 11, 17, 24, 19, 22, 20, 15, 18, 16, 21, 23, 30, 27, 29, 32, 44, 26, 34, 25, 28, 33, 39, 40, 35, 37, 38, 31, 36, 46, 42, 41, 47, 49, 48, 57, 45, 43, 52, 51, 59, 50, 53, 61, 66, 60, 56, 58, 64, 62, 55, 68, 63, 54, 75, 73, 69, 72, 65, 67, 83, 74, 70, 76, 71, 77, 78, 85, 81, 84, 82, 93, 94, 88, 86, 80, 79, 91, 100, 90, 87, 89, 98, 92, 99, 96, 101, 97, 95, 102] 
[0, 1, 0, 0, 0, 1, 0, 0, 0, 0, 1, 0, 0, 2, 2, 1, 1, 2, 1, 0, 0, 0, 0, 0, 0, 0, 1, 1, 1, 0, 0, 0, 1, 0, 2, 1, 0, 1, 0, 0, 0, 0, 0, 0, 1, 1, 0, 1, 0, 0, 0, 0, 1, 0, 0, 2, 2, 0, 0, 0, 2, 1, 0, 0, 2, 0, 0, 0, 1, 1, 1, 0, 0, 1, 0, 0, 0, 0, 2, 0, 0, 0, 2, 0, 2, 0, 2, 0, 0, 1, 1, 1, 2, 0, 0, 2, 0, 0, 0, 1, 0, 1]
Project Length: 68
Non-renewable resources constrains met: True



==================================================

Run 4:

Best Solution so far: 
[1, 3, 4, 2, 5, 13, 9, 6, 10, 7, 8, 17, 14, 19, 11, 12, 16, 22, 15, 26, 18, 23, 20, 25, 27, 40, 28, 30, 21, 24, 32, 29, 39, 33, 34, 44, 38, 36, 31, 35, 47, 46, 37, 42, 41, 50, 48, 43, 51, 52, 49, 57, 45, 59, 56, 54, 53, 60, 64, 61, 58, 63, 65, 62, 55, 66, 68, 67, 69, 72, 73, 75, 71, 77, 70, 74, 76, 83, 79, 88, 85, 93, 86, 78, 91, 84, 81, 80, 82, 87, 100, 98, 94, 92, 90, 97, 89, 99, 101, 96, 95, 102] 
[2, 0, 0, 0, 2, 1, 1, 1, 0, 0, 0, 1, 2, 0, 0, 0, 1, 0, 1, 0, 0, 0, 0, 0, 1, 0, 1, 0, 0, 0, 1, 0, 0, 0, 1, 0, 0, 0, 0, 0, 0, 1, 1, 1, 1, 0, 1, 0, 0, 2, 1, 2, 0, 2, 1, 0, 0, 0, 0, 2, 0, 1, 1, 0, 0, 0, 0, 0, 1, 0, 0, 0, 1, 0, 0, 0, 0, 1, 0, 1, 0, 0, 1, 0, 1, 1, 1, 1, 0, 0, 2, 1, 0, 2, 0, 1, 0, 2, 2, 0, 0, 1]
Project Length: 71
Non-renewable resources constrains met: True



==================================================

Run 5:

Best Solution so far: 
[1, 3, 12, 2, 4, 10, 7, 5, 6, 14, 15, 8, 13, 16, 11, 26, 22, 19, 17, 9, 18, 28, 21, 20, 23, 27, 32, 40, 44, 30, 24, 29, 25, 34, 36, 42, 31, 47, 37, 35, 33, 45, 39, 46, 38, 41, 48, 51, 49, 57, 43, 52, 50, 60, 54, 56, 66, 55, 58, 53, 59, 65, 64, 61, 62, 63, 67, 68, 72, 75, 73, 71, 69, 70, 74, 85, 78, 79, 83, 88, 77, 76, 84, 80, 86, 81, 91, 92, 93, 100, 89, 82, 98, 87, 97, 90, 94, 101, 96, 99, 95, 102] 
[1, 0, 1, 0, 0, 1, 0, 0, 0, 2, 1, 0, 0, 2, 2, 2, 2, 1, 1, 0, 0, 1, 0, 1, 0, 0, 1, 1, 1, 0, 0, 0, 0, 1, 0, 0, 0, 1, 1, 1, 0, 0, 0, 1, 0, 1, 0, 0, 1, 1, 0, 0, 0, 2, 1, 0, 0, 1, 1, 0, 1, 0, 2, 1, 0, 1, 0, 0, 0, 0, 0, 0, 1, 0, 0, 0, 0, 0, 0, 0, 0, 0, 0, 0, 1, 0, 1, 1, 0, 2, 0, 1, 0, 0, 0, 0, 0, 1, 0, 1, 0, 1]
Project Length: 67
Non-renewable resources constrains met: True



==================================================

Run 6:

Best Solution so far: 
[1, 7, 5, 9, 6, 4, 3, 2, 12, 10, 8, 13, 19, 16, 14, 24, 26, 22, 11, 17, 15, 23, 20, 18, 21, 30, 25, 40, 28, 32, 29, 27, 34, 44, 39, 33, 45, 38, 31, 37, 42, 36, 35, 46, 49, 47, 43, 57, 41, 51, 50, 52, 66, 53, 48, 61, 60, 55, 56, 59, 77, 64, 62, 63, 58, 68, 54, 72, 65, 67, 69, 83, 74, 70, 73, 75, 76, 71, 79, 84, 94, 88, 91, 85, 82, 92, 80, 93, 81, 78, 86, 87, 89, 99, 96, 98, 101, 97, 90, 100, 95, 102] 
[0, 1, 1, 1, 0, 0, 0, 0, 1, 0, 0, 1, 1, 2, 2, 0, 0, 2, 0, 0, 2, 0, 1, 0, 0, 0, 0, 1, 0, 1, 0, 0, 1, 1, 2, 0, 0, 1, 0, 1, 0, 1, 0, 0, 1, 1, 0, 2, 1, 0, 0, 0, 2, 1, 0, 0, 1, 0, 0, 0, 0, 2, 0, 0, 0, 0, 0, 0, 1, 0, 0, 1, 0, 0, 0, 0, 0, 0, 0, 2, 2, 0, 1, 0, 0, 1, 0, 2, 0, 0, 0, 0, 0, 1, 0, 0, 0, 0, 0, 0, 0, 2]
Project Length: 69
Non-renewable resources constrains met: True



==================================================

Run 7:

Best Solution so far: 
[1, 3, 2, 7, 4, 12, 10, 6, 5, 13, 14, 9, 8, 19, 11, 22, 26, 15, 17, 30, 18, 23, 16, 21, 20, 25, 39, 24, 29, 27, 33, 34, 32, 28, 44, 45, 35, 37, 31, 40, 38, 42, 36, 46, 47, 41, 51, 57, 49, 48, 50, 52, 43, 58, 60, 53, 59, 54, 56, 63, 66, 55, 61, 77, 72, 69, 73, 75, 67, 65, 62, 68, 64, 70, 74, 76, 71, 84, 91, 88, 80, 86, 94, 93, 79, 78, 81, 85, 82, 92, 83, 89, 98, 100, 87, 90, 101, 96, 97, 99, 95, 102] 
[0, 1, 0, 1, 1, 0, 1, 1, 0, 0, 0, 0, 0, 1, 2, 1, 2, 1, 1, 0, 0, 0, 1, 0, 0, 0, 2, 0, 1, 0, 0, 2, 0, 1, 1, 0, 0, 0, 0, 0, 0, 1, 0, 1, 1, 0, 0, 1, 1, 0, 0, 0, 0, 0, 0, 0, 2, 1, 0, 0, 0, 0, 0, 2, 1, 1, 0, 1, 1, 1, 0, 0, 0, 0, 0, 0, 0, 1, 1, 0, 0, 1, 0, 2, 1, 0, 0, 0, 1, 2, 0, 0, 0, 2, 0, 0, 2, 0, 1, 0, 1, 0]
Project Length: 67
Non-renewable resources constrains met: True



==================================================

Run 8:

Best Solution so far: 
[1, 4, 6, 2, 3, 7, 5, 10, 8, 11, 13, 14, 19, 26, 16, 17, 24, 22, 9, 18, 21, 12, 15, 29, 32, 20, 23, 40, 28, 30, 34, 27, 25, 39, 33, 44, 36, 42, 37, 38, 31, 35, 47, 41, 46, 48, 43, 51, 57, 50, 45, 60, 49, 52, 53, 56, 62, 61, 55, 59, 66, 54, 63, 58, 68, 64, 72, 67, 73, 75, 69, 65, 71, 74, 85, 70, 83, 76, 81, 94, 79, 86, 88, 80, 77, 82, 91, 78, 87, 84, 93, 90, 89, 98, 101, 92, 96, 97, 99, 100, 95, 102] 
[2, 0, 1, 0, 0, 1, 0, 0, 0, 0, 0, 1, 1, 2, 0, 1, 1, 1, 0, 0, 0, 0, 0, 1, 2, 0, 0, 1, 1, 0, 0, 0, 0, 0, 0, 1, 0, 0, 1, 2, 0, 0, 0, 1, 1, 0, 0, 0, 1, 0, 0, 0, 1, 2, 1, 2, 0, 1, 1, 1, 1, 0, 0, 0, 1, 0, 1, 0, 0, 0, 1, 1, 0, 0, 0, 1, 0, 0, 1, 0, 1, 1, 0, 0, 0, 0, 1, 0, 2, 0, 0, 1, 0, 0, 0, 1, 0, 0, 0, 0, 0, 0]
Project Length: 70
Non-renewable resources constrains met: True



==================================================

Run 9:

Best Solution so far: 
[1, 4, 2, 6, 3, 5, 13, 10, 15, 7, 14, 9, 8, 26, 19, 12, 23, 22, 18, 11, 17, 20, 21, 30, 16, 28, 40, 27, 25, 33, 24, 29, 44, 34, 32, 39, 31, 45, 36, 38, 37, 47, 35, 46, 42, 43, 50, 51, 60, 49, 41, 57, 54, 66, 56, 52, 53, 48, 55, 64, 63, 59, 61, 67, 62, 65, 58, 72, 73, 68, 83, 70, 75, 69, 74, 76, 71, 77, 85, 81, 79, 86, 78, 84, 93, 88, 90, 80, 91, 87, 82, 94, 97, 101, 89, 92, 99, 95, 98, 100, 96, 102] 
[0, 0, 0, 0, 0, 0, 1, 0, 1, 0, 1, 2, 0, 2, 1, 0, 0, 2, 2, 0, 0, 2, 0, 0, 0, 2, 1, 2, 0, 0, 0, 0, 0, 2, 0, 2, 0, 0, 0, 1, 1, 2, 0, 2, 0, 1, 0, 0, 0, 1, 0, 2, 1, 2, 0, 0, 0, 0, 0, 2, 0, 1, 0, 2, 0, 1, 0, 0, 0, 0, 1, 0, 0, 0, 0, 0, 0, 0, 0, 0, 1, 0, 0, 2, 1, 0, 0, 0, 1, 0, 0, 0, 0, 0, 0, 1, 2, 1, 0, 1, 0, 1]
Project Length: 70
Non-renewable resources constrains met: True



==================================================

Run 10:

Best Solution so far: 
[1, 6, 7, 2, 5, 4, 3, 13, 15, 9, 8, 14, 10, 11, 12, 17, 20, 26, 19, 24, 18, 39, 16, 22, 23, 25, 21, 32, 27, 34, 30, 29, 40, 35, 28, 37, 31, 47, 33, 36, 42, 45, 46, 43, 44, 51, 38, 41, 52, 59, 49, 50, 48, 56, 55, 60, 53, 57, 61, 65, 64, 54, 77, 66, 62, 58, 63, 68, 67, 72, 75, 73, 71, 74, 69, 78, 70, 81, 85, 82, 88, 80, 76, 87, 93, 84, 91, 92, 86, 83, 89, 94, 101, 79, 90, 98, 96, 99, 100, 97, 95, 102] 
[1, 1, 2, 0, 0, 0, 1, 1, 0, 0, 0, 2, 0, 1, 1, 0, 2, 1, 0, 1, 0, 1, 0, 0, 0, 2, 0, 0, 0, 1, 0, 1, 1, 0, 0, 1, 0, 1, 0, 0, 0, 0, 0, 1, 1, 0, 0, 1, 0, 1, 1, 0, 0, 0, 0, 0, 1, 0, 1, 0, 0, 0, 2, 0, 0, 0, 1, 0, 0, 1, 0, 0, 0, 0, 0, 0, 0, 2, 0, 0, 0, 0, 0, 0, 1, 2, 2, 2, 0, 0, 1, 1, 0, 0, 0, 1, 0, 0, 1, 1, 1, 2]
Project Length: 67
Non-renewable resources constrains met: True



==================================================

